5,0,63~7,0,63
9,5,296~9,8,296
9,2,274~9,4,274
1,2,160~1,5,160
4,3,318~5,3,318
3,6,193~5,6,193
4,6,252~4,8,252
0,9,143~3,9,143
1,4,2~1,6,2
2,2,9~5,2,9
7,4,135~7,5,135
7,4,278~7,4,279
5,7,322~6,7,322
9,6,347~9,6,349
2,2,64~3,2,64
5,9,248~7,9,248
1,5,271~2,5,271
3,5,183~3,6,183
7,3,9~7,6,9
0,8,95~2,8,95
5,1,140~8,1,140
5,4,15~5,7,15
7,0,16~7,0,16
9,0,25~9,2,25
2,2,311~4,2,311
4,3,165~7,3,165
9,6,3~9,8,3
5,0,334~5,0,335
5,2,323~5,2,324
0,1,131~2,1,131
7,4,201~7,5,201
7,1,46~8,1,46
4,3,151~5,3,151
4,5,199~4,7,199
0,2,13~0,4,13
0,1,97~0,3,97
6,6,354~8,6,354
4,3,233~6,3,233
3,9,187~3,9,189
5,0,271~5,4,271
7,2,334~7,3,334
7,7,81~7,9,81
1,5,116~1,8,116
0,0,11~2,0,11
4,7,306~6,7,306
6,2,218~8,2,218
0,7,62~3,7,62
1,3,146~3,3,146
0,1,253~1,1,253
8,2,17~8,3,17
6,5,109~6,8,109
1,1,33~4,1,33
2,2,26~2,2,28
7,1,315~7,1,316
6,2,295~6,5,295
7,9,72~9,9,72
4,5,119~4,6,119
4,8,279~7,8,279
0,6,113~3,6,113
2,2,234~4,2,234
3,2,96~5,2,96
1,6,64~5,6,64
2,0,346~3,0,346
2,2,174~5,2,174
7,6,107~7,6,108
0,7,29~0,8,29
2,4,349~2,6,349
2,4,67~2,7,67
8,6,328~8,8,328
2,5,296~4,5,296
4,2,190~6,2,190
8,1,104~8,3,104
7,5,300~9,5,300
6,7,65~8,7,65
3,6,242~4,6,242
6,5,307~6,7,307
2,0,279~4,0,279
7,9,270~7,9,272
6,7,10~8,7,10
0,6,93~0,8,93
7,9,154~7,9,155
7,5,42~9,5,42
6,5,294~9,5,294
6,2,326~6,3,326
5,3,349~7,3,349
7,5,128~7,7,128
7,3,82~7,3,84
3,6,216~4,6,216
7,9,151~7,9,152
4,3,306~4,6,306
4,6,102~4,7,102
5,9,27~7,9,27
4,1,350~7,1,350
1,0,188~1,2,188
8,5,239~8,5,241
7,0,67~7,1,67
6,1,102~9,1,102
3,1,26~3,2,26
1,5,15~1,6,15
6,1,58~8,1,58
0,1,301~0,2,301
6,9,265~9,9,265
5,0,352~5,2,352
7,9,313~9,9,313
4,9,88~7,9,88
8,6,339~8,8,339
2,9,13~5,9,13
1,0,14~4,0,14
7,8,75~7,9,75
7,2,170~9,2,170
0,0,139~0,3,139
4,4,267~5,4,267
3,9,81~3,9,81
1,6,188~1,9,188
6,9,268~8,9,268
9,9,315~9,9,315
6,1,150~6,3,150
0,6,90~3,6,90
4,2,186~5,2,186
4,5,216~7,5,216
0,7,65~0,9,65
9,3,130~9,3,132
0,5,246~2,5,246
2,7,207~2,7,209
3,7,135~3,7,136
0,3,136~0,5,136
5,4,203~5,4,205
3,4,334~3,4,335
5,3,75~7,3,75
5,2,309~7,2,309
8,6,3~8,9,3
3,8,218~5,8,218
1,9,226~4,9,226
5,6,371~6,6,371
7,6,298~8,6,298
0,1,21~2,1,21
3,9,1~5,9,1
6,2,209~6,4,209
7,2,110~7,5,110
7,0,15~7,1,15
5,6,337~7,6,337
1,6,68~2,6,68
4,8,166~6,8,166
6,0,327~9,0,327
3,4,365~5,4,365
1,3,109~1,6,109
3,4,279~3,6,279
1,7,67~1,8,67
1,5,29~4,5,29
0,6,210~2,6,210
0,1,37~0,4,37
6,9,63~9,9,63
5,7,12~9,7,12
1,8,325~4,8,325
8,2,334~8,4,334
6,0,220~6,1,220
2,7,275~4,7,275
6,4,122~8,4,122
2,7,113~4,7,113
6,0,125~8,0,125
5,0,3~7,0,3
7,2,326~7,3,326
1,4,107~4,4,107
7,5,139~7,7,139
0,0,134~0,3,134
4,8,319~6,8,319
9,2,83~9,4,83
7,7,133~7,9,133
2,0,255~2,3,255
0,5,34~3,5,34
6,4,154~6,6,154
6,4,277~7,4,277
9,0,165~9,3,165
1,6,42~1,6,44
4,2,22~6,2,22
7,4,93~8,4,93
6,5,170~6,7,170
2,0,189~6,0,189
3,2,240~3,4,240
8,6,206~8,8,206
4,2,181~7,2,181
3,0,293~3,1,293
0,4,276~0,7,276
8,1,187~8,1,189
3,5,57~6,5,57
0,3,329~0,5,329
8,8,48~8,8,50
3,1,125~3,3,125
3,1,260~3,2,260
4,4,14~4,4,17
9,0,233~9,3,233
7,1,298~7,4,298
0,0,299~0,3,299
4,3,35~4,6,35
3,2,193~4,2,193
4,2,344~4,5,344
6,1,55~8,1,55
3,8,72~5,8,72
0,3,296~2,3,296
4,6,98~4,6,99
4,4,66~4,6,66
1,6,204~1,9,204
1,2,257~5,2,257
4,2,116~7,2,116
9,2,306~9,3,306
1,7,129~1,8,129
4,7,84~4,8,84
5,9,90~8,9,90
2,7,43~2,8,43
0,5,69~1,5,69
6,1,303~6,3,303
1,1,334~4,1,334
3,2,92~6,2,92
8,9,65~9,9,65
0,2,279~0,4,279
2,7,278~2,7,279
9,3,84~9,3,85
9,6,164~9,7,164
9,7,209~9,9,209
3,7,368~3,8,368
2,9,140~4,9,140
1,7,236~3,7,236
0,0,255~0,2,255
6,9,60~8,9,60
7,8,108~8,8,108
1,1,186~3,1,186
5,3,265~5,5,265
7,3,108~7,5,108
5,7,222~8,7,222
4,4,240~4,5,240
4,0,18~5,0,18
3,9,229~3,9,230
1,0,19~3,0,19
5,3,262~5,5,262
4,3,347~4,5,347
7,3,162~9,3,162
3,1,326~5,1,326
9,4,235~9,6,235
7,2,157~8,2,157
3,9,190~3,9,191
4,0,238~6,0,238
2,4,116~4,4,116
0,7,236~0,9,236
0,1,198~1,1,198
4,4,358~4,6,358
4,5,203~4,8,203
1,6,150~2,6,150
8,8,66~9,8,66
5,8,237~8,8,237
4,1,243~4,3,243
6,6,114~7,6,114
3,0,190~3,0,193
5,1,234~8,1,234
1,1,341~4,1,341
7,9,93~7,9,94
2,6,302~3,6,302
0,9,125~2,9,125
5,6,314~5,7,314
3,2,300~3,4,300
8,0,108~9,0,108
7,3,90~7,7,90
6,0,186~7,0,186
2,4,123~4,4,123
2,5,235~2,8,235
8,7,69~8,9,69
3,2,221~3,5,221
6,0,132~8,0,132
2,8,119~2,9,119
3,3,97~3,3,98
0,2,230~0,4,230
3,3,133~3,5,133
3,3,136~5,3,136
6,8,201~8,8,201
0,1,126~2,1,126
2,3,18~2,4,18
1,3,203~3,3,203
4,1,278~4,3,278
0,7,145~0,9,145
8,5,132~9,5,132
2,4,76~2,4,78
7,6,225~7,7,225
3,2,339~3,5,339
5,0,12~7,0,12
1,5,43~1,5,45
7,8,308~9,8,308
1,8,74~1,8,77
6,9,330~9,9,330
6,7,123~6,9,123
0,2,104~0,3,104
2,2,2~2,3,2
9,2,30~9,4,30
0,0,157~0,0,159
8,7,137~9,7,137
3,4,298~3,6,298
5,4,185~5,6,185
5,1,10~7,1,10
0,3,128~0,6,128
7,5,28~7,7,28
8,7,203~8,9,203
8,3,106~8,5,106
0,3,320~1,3,320
4,2,113~4,4,113
5,0,314~8,0,314
4,8,304~7,8,304
2,6,236~3,6,236
5,4,94~5,6,94
8,6,90~8,8,90
6,6,234~8,6,234
2,5,377~4,5,377
0,5,77~0,7,77
3,8,129~3,9,129
3,6,84~6,6,84
3,4,299~3,6,299
3,6,18~5,6,18
8,1,212~8,3,212
9,5,91~9,7,91
2,4,125~2,6,125
5,3,235~7,3,235
6,7,308~8,7,308
6,4,157~6,6,157
2,3,36~4,3,36
4,7,75~4,9,75
2,1,24~2,1,26
0,5,331~0,7,331
7,5,45~7,8,45
2,5,19~4,5,19
8,1,30~8,4,30
0,4,228~2,4,228
5,5,116~5,6,116
2,9,14~5,9,14
5,0,263~5,1,263
2,2,15~2,5,15
8,5,87~8,6,87
4,4,138~4,6,138
1,5,340~1,8,340
5,7,342~8,7,342
6,6,351~6,8,351
5,8,233~7,8,233
2,7,238~2,7,239
2,5,94~2,7,94
0,6,248~0,8,248
5,5,135~6,5,135
4,0,268~4,2,268
7,2,269~9,2,269
6,0,313~6,3,313
0,1,39~0,1,40
6,0,134~8,0,134
2,8,20~3,8,20
2,5,276~2,7,276
0,2,4~2,2,4
5,4,67~5,7,67
3,1,350~3,3,350
0,6,334~0,9,334
2,9,188~2,9,188
0,6,311~0,9,311
3,1,2~4,1,2
1,6,290~1,8,290
3,4,69~5,4,69
3,5,344~3,7,344
3,8,178~5,8,178
5,4,174~7,4,174
3,3,311~3,6,311
8,9,151~9,9,151
9,1,279~9,1,281
9,1,188~9,2,188
0,1,250~0,4,250
9,4,17~9,5,17
8,6,5~8,6,7
4,6,134~4,8,134
3,1,235~3,2,235
1,7,38~1,7,38
3,5,22~3,7,22
4,6,113~4,6,116
5,6,339~6,6,339
9,5,338~9,8,338
7,7,264~7,8,264
4,7,98~4,9,98
2,5,61~2,7,61
4,6,191~5,6,191
3,3,99~4,3,99
6,1,193~8,1,193
1,1,3~1,1,5
5,1,259~5,3,259
1,6,37~5,6,37
7,6,58~7,9,58
2,6,85~2,6,87
0,4,178~0,5,178
0,1,160~3,1,160
3,1,28~4,1,28
1,2,222~4,2,222
4,6,372~6,6,372
2,5,288~2,5,289
3,0,295~3,0,296
2,0,133~4,0,133
4,7,317~4,9,317
5,9,240~7,9,240
3,4,305~3,6,305
4,3,277~4,5,277
7,9,237~8,9,237
4,7,33~7,7,33
0,4,281~0,4,281
4,5,167~6,5,167
6,2,15~8,2,15
5,1,169~5,4,169
3,3,261~4,3,261
3,1,215~5,1,215
3,2,270~3,2,272
2,2,342~4,2,342
5,1,226~5,2,226
7,6,254~8,6,254
8,0,53~8,2,53
6,1,325~7,1,325
7,1,307~7,5,307
2,1,227~2,4,227
9,1,277~9,4,277
3,9,33~5,9,33
2,6,59~4,6,59
8,6,336~9,6,336
4,1,270~4,2,270
7,0,5~9,0,5
1,1,27~1,3,27
6,7,125~6,7,128
6,2,271~8,2,271
1,0,197~1,1,197
0,6,3~0,9,3
9,6,23~9,7,23
8,5,337~8,8,337
0,1,200~0,1,202
2,3,378~2,6,378
3,4,230~3,7,230
4,2,366~4,4,366
3,6,354~3,8,354
6,6,131~8,6,131
4,0,182~4,3,182
4,2,310~6,2,310
1,2,67~1,4,67
5,0,43~5,3,43
5,1,137~8,1,137
2,4,157~2,4,158
2,0,110~2,3,110
7,4,366~7,4,368
5,0,59~7,0,59
3,0,183~6,0,183
0,4,284~0,6,284
6,4,348~6,7,348
0,5,33~3,5,33
5,5,76~5,8,76
3,2,41~3,4,41
5,0,318~7,0,318
8,1,335~8,3,335
9,2,19~9,5,19
3,1,149~4,1,149
5,9,96~8,9,96
8,9,153~9,9,153
7,1,100~9,1,100
3,5,276~6,5,276
1,5,305~1,5,306
5,7,317~5,7,319
7,5,142~7,7,142
2,2,14~4,2,14
5,4,331~5,5,331
2,0,9~2,1,9
4,6,27~7,6,27
9,4,86~9,5,86
3,9,103~3,9,106
3,8,355~5,8,355
4,7,21~4,7,22
7,4,297~7,7,297
7,2,163~7,2,164
4,4,307~4,6,307
3,4,59~5,4,59
4,3,94~4,6,94
1,5,73~1,8,73
5,2,69~6,2,69
5,0,239~7,0,239
9,7,25~9,9,25
4,3,208~4,5,208
2,4,43~2,5,43
6,7,91~6,9,91
4,4,362~6,4,362
6,2,129~6,5,129
0,9,333~2,9,333
3,6,367~3,8,367
1,0,32~1,1,32
1,5,153~1,7,153
0,9,9~2,9,9
7,8,242~9,8,242
8,8,329~8,9,329
4,0,329~5,0,329
8,3,163~8,5,163
8,0,277~8,2,277
5,0,315~5,1,315
1,0,272~1,0,274
0,1,50~0,3,50
5,6,226~5,6,227
6,5,273~8,5,273
0,8,7~2,8,7
4,7,300~7,7,300
9,2,275~9,4,275
3,2,185~3,2,187
7,3,226~9,3,226
2,1,128~4,1,128
8,2,228~8,4,228
5,0,277~7,0,277
6,3,148~6,5,148
3,7,78~6,7,78
