INPUT

Settle done
[[[5, 7], [0, 0], [36, 36]],
 [[9, 9], [5, 8], [143, 143]],
 [[9, 9], [2, 4], [131, 131]],
 [[1, 1], [2, 5], [77, 77]],
 [[4, 5], [3, 3], [155, 155]],
 [[3, 5], [6, 6], [93, 93]],
 [[4, 4], [6, 8], [124, 124]],
 [[0, 3], [9, 9], [71, 71]],
 [[1, 1], [4, 6], [1, 1]],
 [[2, 5], [2, 2], [4, 4]],
 [[7, 7], [4, 5], [67, 67]],
 [[7, 7], [4, 4], [134, 135]],
 [[5, 6], [7, 7], [158, 158]],
 [[9, 9], [6, 6], [171, 173]],
 [[2, 3], [2, 2], [30, 30]],
 [[5, 7], [9, 9], [121, 121]],
 [[1, 2], [5, 5], [131, 131]],
 [[3, 3], [5, 6], [88, 88]],
 [[7, 7], [3, 6], [5, 5]],
 [[0, 2], [8, 8], [46, 46]],
 [[5, 8], [1, 1], [68, 68]],
 [[5, 5], [4, 7], [7, 7]],
 [[7, 7], [0, 0], [9, 9]],
 [[9, 9], [0, 2], [15, 15]],
 [[2, 4], [2, 2], [151, 151]],
 [[4, 7], [3, 3], [78, 78]],
 [[9, 9], [6, 8], [1, 1]],
 [[5, 5], [0, 0], [167, 168]],
 [[5, 5], [2, 2], [158, 159]],
 [[0, 2], [1, 1], [62, 62]],
 [[7, 7], [4, 5], [97, 97]],
 [[7, 8], [1, 1], [25, 25]],
 [[4, 5], [3, 3], [73, 73]],
 [[4, 4], [5, 7], [97, 97]],
 [[0, 0], [2, 4], [6, 6]],
 [[0, 0], [1, 3], [46, 46]],
 [[6, 8], [6, 6], [175, 175]],
 [[4, 6], [3, 3], [112, 112]],
 [[3, 3], [9, 9], [89, 91]],
 [[5, 5], [0, 4], [131, 131]],
 [[7, 7], [2, 3], [163, 163]],
 [[7, 7], [7, 9], [37, 37]],
 [[1, 1], [5, 8], [58, 58]],
 [[0, 2], [0, 0], [5, 5]],
 [[4, 6], [7, 7], [147, 147]],
 [[6, 8], [2, 2], [104, 104]],
 [[0, 3], [7, 7], [29, 29]],
 [[1, 3], [3, 3], [70, 70]],
 [[0, 1], [1, 1], [122, 122]],
 [[8, 8], [2, 3], [8, 8]],
 [[6, 6], [5, 8], [54, 54]],
 [[1, 4], [1, 1], [19, 19]],
 [[2, 2], [2, 2], [15, 17]],
 [[7, 7], [1, 1], [153, 154]],
 [[6, 6], [2, 5], [143, 143]],
 [[7, 9], [9, 9], [34, 34]],
 [[4, 4], [5, 6], [57, 57]],
 [[4, 7], [8, 8], [135, 135]],
 [[0, 3], [6, 6], [55, 55]],
 [[2, 4], [2, 2], [113, 113]],
 [[3, 5], [2, 2], [46, 46]],
 [[1, 5], [6, 6], [29, 29]],
 [[2, 3], [0, 0], [172, 172]],
 [[2, 5], [2, 2], [83, 83]],
 [[7, 7], [6, 6], [54, 55]],
 [[0, 0], [7, 8], [13, 13]],
 [[2, 2], [4, 6], [174, 174]],
 [[2, 2], [4, 7], [31, 31]],
 [[8, 8], [6, 8], [162, 162]],
 [[2, 4], [5, 5], [145, 145]],
 [[4, 6], [2, 2], [92, 92]],
 [[8, 8], [1, 3], [51, 51]],
 [[7, 9], [5, 5], [144, 144]],
 [[6, 8], [7, 7], [30, 30]],
 [[3, 4], [6, 6], [121, 121]],
 [[6, 6], [5, 7], [150, 150]],
 [[2, 4], [0, 0], [136, 136]],
 [[7, 7], [9, 9], [133, 135]],
 [[6, 8], [7, 7], [5, 5]],
 [[0, 0], [6, 8], [45, 45]],
 [[7, 7], [9, 9], [77, 78]],
 [[7, 9], [5, 5], [23, 23]],
 [[6, 9], [5, 5], [142, 142]],
 [[6, 6], [2, 3], [160, 160]],
 [[5, 7], [3, 3], [173, 173]],
 [[7, 7], [5, 7], [64, 64]],
 [[7, 7], [3, 3], [38, 40]],
 [[3, 4], [6, 6], [105, 105]],
 [[7, 7], [9, 9], [75, 76]],
 [[4, 4], [3, 6], [150, 150]],
 [[4, 4], [6, 7], [49, 49]],
 [[5, 7], [9, 9], [14, 14]],
 [[4, 7], [1, 1], [172, 172]],
 [[1, 1], [0, 2], [91, 91]],
 [[8, 8], [5, 5], [115, 117]],
 [[7, 7], [0, 1], [38, 38]],
 [[6, 9], [1, 1], [49, 49]],
 [[3, 3], [1, 2], [15, 15]],
 [[1, 1], [5, 6], [8, 8]],
 [[6, 8], [1, 1], [34, 34]],
 [[0, 0], [1, 2], [146, 146]],
 [[6, 9], [9, 9], [131, 131]],
 [[5, 5], [0, 2], [173, 173]],
 [[7, 9], [9, 9], [153, 153]],
 [[4, 7], [9, 9], [39, 39]],
 [[8, 8], [6, 8], [167, 167]],
 [[2, 5], [9, 9], [5, 5]],
 [[1, 4], [0, 0], [6, 6]],
 [[7, 7], [8, 9], [35, 35]],
 [[7, 9], [2, 2], [81, 81]],
 [[0, 0], [0, 3], [67, 67]],
 [[4, 5], [4, 4], [129, 129]],
 [[3, 3], [9, 9], [35, 35]],
 [[1, 1], [6, 9], [89, 89]],
 [[6, 8], [9, 9], [132, 132]],
 [[9, 9], [9, 9], [154, 154]],
 [[6, 6], [1, 3], [73, 73]],
 [[0, 3], [6, 6], [43, 43]],
 [[4, 5], [2, 2], [90, 90]],
 [[4, 7], [5, 5], [105, 105]],
 [[0, 0], [7, 9], [31, 31]],
 [[9, 9], [3, 3], [63, 65]],
 [[0, 2], [5, 5], [120, 120]],
 [[2, 2], [7, 7], [101, 103]],
 [[3, 3], [7, 7], [65, 66]],
 [[0, 0], [3, 5], [65, 65]],
 [[5, 5], [4, 4], [98, 100]],
 [[3, 3], [4, 4], [166, 167]],
 [[5, 7], [3, 3], [34, 34]],
 [[5, 7], [2, 2], [149, 149]],
 [[8, 8], [6, 9], [1, 1]],
 [[3, 5], [8, 8], [107, 107]],
 [[1, 4], [9, 9], [113, 113]],
 [[5, 6], [6, 6], [183, 183]],
 [[7, 8], [6, 6], [144, 144]],
 [[0, 2], [1, 1], [10, 10]],
 [[3, 5], [9, 9], [1, 1]],
 [[6, 6], [2, 4], [101, 101]],
 [[7, 7], [2, 5], [55, 55]],
 [[7, 7], [0, 1], [8, 8]],
 [[5, 7], [6, 6], [166, 166]],
 [[1, 2], [6, 6], [32, 32]],
 [[4, 6], [8, 8], [80, 80]],
 [[6, 9], [0, 0], [161, 161]],
 [[3, 5], [4, 4], [180, 180]],
 [[1, 1], [3, 6], [53, 53]],
 [[3, 3], [4, 6], [135, 135]],
 [[1, 1], [7, 8], [32, 32]],
 [[1, 4], [5, 5], [16, 16]],
 [[0, 2], [6, 6], [102, 102]],
 [[0, 0], [1, 4], [22, 22]],
 [[6, 9], [9, 9], [31, 31]],
 [[5, 9], [7, 7], [6, 6]],
 [[1, 4], [8, 8], [157, 157]],
 [[8, 8], [2, 4], [163, 163]],
 [[6, 6], [0, 1], [106, 106]],
 [[2, 4], [7, 7], [134, 134]],
 [[6, 8], [4, 4], [58, 58]],
 [[2, 4], [7, 7], [55, 55]],
 [[6, 8], [0, 0], [60, 60]],
 [[5, 7], [0, 0], [2, 2]],
 [[7, 7], [2, 3], [159, 159]],
 [[1, 4], [4, 4], [51, 51]],
 [[7, 7], [5, 7], [68, 68]],
 [[0, 0], [0, 3], [64, 64]],
 [[4, 6], [8, 8], [155, 155]],
 [[9, 9], [2, 4], [40, 40]],
 [[7, 7], [7, 9], [67, 67]],
 [[2, 2], [0, 3], [123, 123]],
 [[0, 3], [5, 5], [19, 19]],
 [[6, 6], [4, 6], [75, 75]],
 [[6, 7], [4, 4], [133, 133]],
 [[9, 9], [0, 3], [78, 78]],
 [[1, 1], [6, 6], [21, 23]],
 [[4, 6], [2, 2], [13, 13]],
 [[7, 8], [4, 4], [44, 44]],
 [[6, 6], [5, 7], [81, 81]],
 [[2, 6], [0, 0], [92, 92]],
 [[3, 3], [2, 4], [117, 117]],
 [[8, 8], [6, 8], [99, 99]],
 [[4, 7], [2, 2], [88, 88]],
 [[3, 3], [0, 1], [142, 142]],
 [[0, 0], [4, 7], [133, 133]],
 [[8, 8], [1, 1], [91, 93]],
 [[3, 6], [5, 5], [27, 27]],
 [[0, 0], [3, 5], [160, 160]],
 [[8, 8], [8, 8], [26, 28]],
 [[3, 3], [1, 3], [59, 59]],
 [[3, 3], [1, 2], [125, 125]],
 [[4, 4], [4, 4], [8, 11]],
 [[9, 9], [0, 3], [111, 111]],
 [[7, 7], [1, 4], [144, 144]],
 [[0, 0], [0, 3], [145, 145]],
 [[4, 4], [3, 6], [18, 18]],
 [[3, 4], [2, 2], [93, 93]],
 [[4, 4], [2, 5], [172, 172]],
 [[6, 8], [1, 1], [33, 33]],
 [[3, 5], [8, 8], [32, 32]],
 [[0, 2], [3, 3], [144, 144]],
 [[4, 4], [6, 6], [47, 48]],
 [[4, 4], [4, 6], [30, 30]],
 [[1, 1], [6, 9], [99, 99]],
 [[1, 5], [2, 2], [124, 124]],
 [[4, 7], [2, 2], [56, 56]],
 [[9, 9], [2, 3], [147, 147]],
 [[1, 1], [7, 8], [63, 63]],
 [[4, 4], [7, 8], [37, 37]],
 [[5, 8], [9, 9], [40, 40]],
 [[2, 2], [7, 8], [21, 21]],
 [[0, 1], [5, 5], [32, 32]],
 [[6, 6], [1, 3], [146, 146]],
 [[1, 4], [1, 1], [166, 166]],
 [[3, 6], [2, 2], [44, 44]],
 [[8, 9], [9, 9], [32, 32]],
 [[0, 0], [2, 4], [134, 134]],
 [[2, 2], [7, 7], [136, 137]],
 [[9, 9], [3, 3], [41, 42]],
 [[9, 9], [6, 7], [79, 79]],
 [[9, 9], [7, 9], [100, 100]],
 [[3, 3], [7, 8], [182, 182]],
 [[2, 4], [9, 9], [69, 69]],
 [[1, 3], [7, 7], [118, 118]],
 [[0, 0], [0, 2], [123, 123]],
 [[6, 8], [9, 9], [30, 30]],
 [[7, 8], [8, 8], [54, 54]],
 [[1, 3], [1, 1], [88, 88]],
 [[5, 5], [3, 5], [128, 128]],
 [[7, 7], [3, 5], [54, 54]],
 [[5, 8], [7, 7], [107, 107]],
 [[4, 4], [4, 5], [119, 119]],
 [[4, 5], [0, 0], [9, 9]],
 [[3, 3], [9, 9], [116, 117]],
 [[1, 3], [0, 0], [9, 9]],
 [[5, 5], [3, 5], [126, 126]],
 [[4, 4], [3, 5], [173, 173]],
 [[7, 9], [3, 3], [77, 77]],
 [[3, 5], [1, 1], [162, 162]],
 [[9, 9], [4, 6], [114, 114]],
 [[7, 8], [2, 2], [75, 75]],
 [[3, 3], [9, 9], [92, 93]],
 [[4, 6], [0, 0], [115, 115]],
 [[2, 4], [4, 4], [54, 54]],
 [[0, 0], [7, 9], [117, 117]],
 [[0, 1], [1, 1], [98, 98]],
 [[4, 4], [4, 6], [177, 177]],
 [[4, 4], [5, 8], [99, 99]],
 [[1, 2], [6, 6], [72, 72]],
 [[8, 9], [8, 8], [31, 31]],
 [[5, 8], [8, 8], [113, 113]],
 [[4, 4], [1, 3], [118, 118]],
 [[6, 7], [6, 6], [58, 58]],
 [[3, 3], [0, 0], [93, 96]],
 [[5, 8], [1, 1], [112, 112]],
 [[1, 4], [1, 1], [169, 169]],
 [[7, 7], [9, 9], [41, 42]],
 [[2, 3], [6, 6], [148, 148]],
 [[0, 2], [9, 9], [64, 64]],
 [[5, 5], [6, 7], [153, 153]],
 [[3, 3], [2, 4], [148, 148]],
 [[8, 9], [0, 0], [52, 52]],
 [[7, 7], [3, 7], [42, 42]],
 [[6, 7], [0, 0], [91, 91]],
 [[2, 4], [4, 4], [59, 59]],
 [[2, 2], [5, 8], [117, 117]],
 [[8, 8], [7, 9], [33, 33]],
 [[3, 3], [2, 5], [106, 106]],
 [[6, 8], [0, 0], [64, 64]],
 [[2, 2], [8, 9], [59, 59]],
 [[3, 3], [3, 3], [47, 48]],
 [[0, 0], [2, 4], [111, 111]],
 [[3, 3], [3, 5], [64, 64]],
 [[3, 5], [3, 3], [65, 65]],
 [[6, 8], [8, 8], [97, 97]],
 [[0, 2], [1, 1], [59, 59]],
 [[2, 2], [3, 4], [9, 9]],
 [[1, 3], [3, 3], [97, 97]],
 [[4, 4], [1, 3], [136, 136]],
 [[0, 0], [7, 9], [72, 72]],
 [[8, 9], [5, 5], [64, 64]],
 [[2, 2], [4, 4], [36, 38]],
 [[7, 7], [6, 7], [108, 108]],
 [[3, 3], [2, 5], [169, 169]],
 [[5, 7], [0, 0], [7, 7]],
 [[1, 1], [5, 5], [21, 23]],
 [[7, 9], [8, 8], [148, 148]],
 [[1, 1], [8, 8], [38, 41]],
 [[6, 9], [9, 9], [164, 164]],
 [[6, 6], [7, 9], [60, 60]],
 [[0, 0], [2, 3], [51, 51]],
 [[2, 2], [2, 3], [1, 1]],
 [[9, 9], [2, 4], [17, 17]],
 [[0, 0], [0, 0], [76, 78]],
 [[8, 9], [7, 7], [69, 69]],
 [[3, 3], [4, 6], [146, 146]],
 [[5, 5], [4, 6], [90, 90]],
 [[5, 7], [1, 1], [6, 6]],
 [[0, 0], [3, 6], [62, 62]],
 [[7, 7], [5, 7], [16, 16]],
 [[8, 8], [7, 9], [98, 98]],
 [[8, 8], [3, 5], [52, 52]],
 [[0, 1], [3, 3], [156, 156]],
 [[4, 4], [2, 4], [53, 53]],
 [[5, 8], [0, 0], [152, 152]],
 [[4, 7], [8, 8], [146, 146]],
 [[2, 3], [6, 6], [118, 118]],
 [[5, 5], [4, 6], [44, 44]],
 [[8, 8], [6, 8], [41, 41]],
 [[6, 8], [6, 6], [113, 113]],
 [[2, 4], [5, 5], [186, 186]],
 [[0, 0], [5, 7], [37, 37]],
 [[3, 3], [8, 9], [64, 64]],
 [[3, 6], [6, 6], [37, 37]],
 [[3, 3], [4, 6], [147, 147]],
 [[3, 5], [6, 6], [8, 8]],
 [[8, 8], [1, 3], [101, 101]],
 [[9, 9], [5, 7], [44, 44]],
 [[2, 2], [4, 6], [60, 60]],
 [[5, 7], [3, 3], [113, 113]],
 [[6, 8], [7, 7], [151, 151]],
 [[6, 6], [4, 6], [76, 76]],
 [[2, 4], [3, 3], [19, 19]],
 [[4, 4], [7, 9], [33, 33]],
 [[2, 2], [1, 1], [11, 13]],
 [[0, 0], [5, 7], [161, 161]],
 [[7, 7], [5, 8], [24, 24]],
 [[2, 4], [5, 5], [9, 9]],
 [[8, 8], [1, 4], [17, 17]],
 [[0, 2], [4, 4], [110, 110]],
 [[5, 5], [5, 6], [57, 57]],
 [[2, 5], [9, 9], [6, 6]],
 [[5, 5], [0, 1], [127, 127]],
 [[2, 2], [2, 5], [8, 8]],
 [[8, 8], [5, 6], [40, 40]],
 [[4, 4], [4, 6], [65, 65]],
 [[1, 1], [5, 8], [170, 170]],
 [[5, 8], [7, 7], [168, 168]],
 [[6, 6], [6, 8], [174, 174]],
 [[5, 7], [8, 8], [111, 111]],
 [[2, 2], [7, 7], [120, 121]],
 [[2, 2], [5, 7], [45, 45]],
 [[0, 0], [6, 8], [121, 121]],
 [[5, 6], [5, 5], [67, 67]],
 [[4, 4], [0, 2], [130, 130]],
 [[7, 9], [2, 2], [129, 129]],
 [[6, 6], [0, 3], [151, 151]],
 [[0, 0], [1, 1], [23, 24]],
 [[6, 8], [0, 0], [66, 66]],
 [[2, 3], [8, 8], [8, 8]],
 [[2, 2], [5, 7], [135, 135]],
 [[0, 2], [2, 2], [2, 2]],
 [[5, 5], [4, 7], [30, 30]],
 [[3, 3], [1, 3], [175, 175]],
 [[0, 0], [6, 9], [164, 164]],
 [[2, 2], [9, 9], [89, 89]],
 [[0, 0], [6, 9], [150, 150]],
 [[3, 4], [1, 1], [1, 1]],
 [[1, 1], [6, 8], [141, 141]],
 [[3, 5], [4, 4], [32, 32]],
 [[3, 3], [5, 7], [172, 172]],
 [[3, 5], [8, 8], [85, 85]],
 [[5, 7], [4, 4], [83, 83]],
 [[3, 3], [3, 6], [152, 152]],
 [[8, 9], [9, 9], [75, 75]],
 [[9, 9], [1, 1], [134, 136]],
 [[9, 9], [1, 2], [92, 92]],
 [[0, 0], [1, 4], [121, 121]],
 [[9, 9], [4, 5], [10, 10]],
 [[8, 8], [6, 6], [2, 4]],
 [[4, 4], [6, 8], [64, 64]],
 [[3, 3], [1, 2], [114, 114]],
 [[1, 1], [7, 7], [17, 17]],
 [[3, 3], [5, 7], [10, 10]],
 [[4, 4], [6, 6], [53, 56]],
 [[5, 6], [6, 6], [167, 167]],
 [[9, 9], [5, 8], [166, 166]],
 [[7, 7], [7, 8], [130, 130]],
 [[4, 4], [7, 9], [47, 47]],
 [[2, 2], [5, 7], [28, 28]],
 [[4, 5], [6, 6], [92, 92]],
 [[3, 4], [3, 3], [49, 49]],
 [[6, 8], [1, 1], [95, 95]],
 [[1, 1], [1, 1], [1, 3]],
 [[5, 5], [1, 3], [125, 125]],
 [[1, 5], [6, 6], [19, 19]],
 [[7, 7], [6, 9], [27, 27]],
 [[2, 2], [6, 6], [40, 42]],
 [[0, 0], [4, 5], [86, 86]],
 [[0, 3], [1, 1], [77, 77]],
 [[3, 4], [1, 1], [16, 16]],
 [[1, 4], [2, 2], [107, 107]],
 [[4, 6], [6, 6], [184, 184]],
 [[2, 2], [5, 5], [141, 142]],
 [[3, 3], [0, 0], [143, 144]],
 [[2, 4], [0, 0], [64, 64]],
 [[4, 4], [7, 9], [154, 154]],
 [[5, 7], [9, 9], [115, 115]],
 [[3, 3], [4, 6], [150, 150]],
 [[4, 4], [3, 5], [135, 135]],
 [[7, 8], [9, 9], [113, 113]],
 [[4, 7], [7, 7], [17, 17]],
 [[0, 0], [4, 4], [135, 135]],
 [[4, 6], [5, 5], [80, 80]],
 [[6, 8], [2, 2], [7, 7]],
 [[5, 5], [1, 4], [81, 81]],
 [[3, 4], [3, 3], [128, 128]],
 [[3, 5], [1, 1], [103, 103]],
 [[3, 3], [2, 2], [130, 132]],
 [[2, 4], [2, 2], [170, 170]],
 [[5, 5], [1, 2], [110, 110]],
 [[7, 8], [6, 6], [124, 124]],
 [[8, 8], [0, 2], [32, 32]],
 [[6, 7], [1, 1], [160, 160]],
 [[7, 7], [1, 5], [148, 148]],
 [[2, 2], [1, 4], [109, 109]],
 [[9, 9], [1, 4], [133, 133]],
 [[3, 5], [9, 9], [17, 17]],
 [[2, 4], [6, 6], [27, 27]],
 [[8, 9], [6, 6], [165, 165]],
 [[4, 4], [1, 2], [131, 131]],
 [[7, 9], [0, 0], [4, 4]],
 [[1, 1], [1, 3], [15, 15]],
 [[6, 6], [7, 7], [61, 64]],
 [[6, 8], [2, 2], [130, 130]],
 [[1, 1], [0, 1], [97, 97]],
 [[0, 0], [6, 9], [1, 1]],
 [[9, 9], [6, 7], [13, 13]],
 [[8, 8], [5, 8], [166, 166]],
 [[0, 0], [1, 1], [99, 101]],
 [[2, 2], [3, 6], [187, 187]],
 [[3, 3], [4, 7], [114, 114]],
 [[4, 4], [2, 4], [181, 181]],
 [[3, 3], [6, 8], [175, 175]],
 [[6, 8], [6, 6], [65, 65]],
 [[4, 4], [0, 3], [89, 89]],
 [[4, 6], [2, 2], [150, 150]],
 [[1, 1], [2, 4], [31, 31]],
 [[5, 5], [0, 3], [26, 26]],
 [[5, 8], [1, 1], [67, 67]],
 [[2, 2], [4, 4], [75, 76]],
 [[2, 2], [0, 3], [53, 53]],
 [[7, 7], [4, 4], [181, 183]],
 [[5, 7], [0, 0], [34, 34]],
 [[3, 6], [0, 0], [90, 90]],
 [[0, 0], [4, 6], [136, 136]],
 [[6, 6], [4, 7], [172, 172]],
 [[0, 3], [5, 5], [18, 18]],
 [[5, 5], [5, 8], [34, 34]],
 [[3, 3], [2, 4], [23, 23]],
 [[5, 7], [0, 0], [154, 154]],
 [[8, 8], [1, 3], [164, 164]],
 [[9, 9], [2, 5], [11, 11]],
 [[3, 4], [1, 1], [72, 72]],
 [[5, 8], [9, 9], [43, 43]],
 [[8, 9], [9, 9], [76, 76]],
 [[7, 9], [1, 1], [48, 48]],
 [[3, 6], [5, 5], [134, 134]],
 [[1, 1], [5, 5], [150, 151]],
 [[5, 5], [7, 7], [154, 156]],
 [[7, 7], [5, 7], [69, 69]],
 [[2, 4], [2, 2], [7, 7]],
 [[5, 5], [4, 5], [163, 163]],
 [[2, 2], [0, 1], [4, 4]],
 [[4, 7], [6, 6], [15, 15]],
 [[9, 9], [4, 5], [42, 42]],
 [[3, 3], [9, 9], [50, 53]],
 [[3, 5], [8, 8], [176, 176]],
 [[4, 4], [7, 7], [12, 13]],
 [[7, 7], [4, 7], [143, 143]],
 [[7, 7], [2, 2], [77, 78]],
 [[4, 4], [4, 6], [151, 151]],
 [[3, 5], [4, 4], [28, 28]],
 [[4, 4], [3, 6], [45, 45]],
 [[1, 1], [5, 8], [37, 37]],
 [[5, 6], [2, 2], [37, 37]],
 [[5, 7], [0, 0], [116, 116]],
 [[9, 9], [7, 9], [14, 14]],
 [[4, 4], [3, 5], [101, 101]],
 [[2, 2], [4, 5], [21, 21]],
 [[6, 6], [7, 9], [41, 41]],
 [[4, 6], [4, 4], [179, 179]],
 [[6, 6], [2, 5], [63, 63]],
 [[0, 2], [9, 9], [163, 163]],
 [[3, 3], [6, 8], [181, 181]],
 [[1, 1], [0, 1], [18, 18]],
 [[1, 1], [5, 7], [74, 74]],
 [[0, 2], [9, 9], [3, 3]],
 [[7, 9], [8, 8], [115, 115]],
 [[8, 8], [8, 9], [163, 163]],
 [[4, 5], [0, 0], [163, 163]],
 [[8, 8], [3, 5], [78, 78]],
 [[8, 8], [0, 2], [133, 133]],
 [[5, 5], [0, 1], [153, 153]],
 [[1, 1], [0, 0], [131, 133]],
 [[0, 0], [1, 3], [27, 27]],
 [[5, 5], [6, 6], [109, 110]],
 [[6, 8], [5, 5], [131, 131]],
 [[0, 2], [8, 8], [3, 3]],
 [[4, 7], [7, 7], [144, 144]],
 [[9, 9], [2, 4], [132, 132]],
 [[3, 3], [2, 2], [88, 90]],
 [[7, 9], [3, 3], [107, 107]],
 [[2, 4], [1, 1], [61, 61]],
 [[8, 8], [2, 4], [108, 108]],
 [[5, 7], [0, 0], [134, 134]],
 [[6, 6], [3, 5], [72, 72]],
 [[3, 6], [7, 7], [35, 35]],
 [[1, 3], [7, 7], [11, 11]],
 [[8, 9], [5, 5], [65, 65]],
 [[2, 3], [4, 4], [128, 128]],
 [[2, 4], [9, 9], [40, 40]],
 [[6, 8], [0, 0], [6, 6]],
 [[3, 5], [7, 7], [50, 50]],
 [[8, 8], [1, 3], [63, 63]],
 [[9, 9], [4, 7], [41, 41]],
 [[8, 8], [2, 4], [103, 103]],
 [[8, 9], [9, 9], [119, 119]],
 [[6, 6], [5, 8], [79, 79]],
 [[9, 9], [2, 5], [175, 175]],
 [[6, 9], [2, 2], [45, 45]],
 [[3, 4], [1, 1], [119, 119]],
 [[2, 4], [5, 5], [118, 118]],
 [[7, 7], [7, 8], [9, 9]],
 [[2, 5], [3, 3], [62, 62]],
 [[2, 2], [3, 5], [108, 108]],
 [[5, 5], [9, 9], [51, 52]],
 [[6, 8], [9, 9], [51, 51]],
 [[4, 7], [8, 8], [156, 156]],
 [[0, 0], [0, 3], [26, 26]],
 [[3, 3], [2, 4], [138, 138]],
 [[1, 1], [2, 5], [173, 173]],
 [[1, 4], [5, 5], [86, 86]],
 [[6, 6], [3, 3], [174, 176]],
 [[3, 3], [6, 7], [64, 64]],
 [[7, 7], [5, 8], [53, 53]],
 [[7, 9], [5, 5], [133, 133]],
 [[1, 1], [7, 8], [55, 55]],
 [[2, 2], [4, 7], [62, 62]],
 [[1, 1], [4, 7], [128, 128]],
 [[4, 5], [4, 4], [109, 109]],
 [[7, 7], [5, 8], [29, 29]],
 [[0, 0], [0, 1], [169, 169]],
 [[4, 4], [6, 9], [51, 51]],
 [[3, 3], [6, 8], [153, 153]],
 [[0, 0], [0, 1], [28, 28]],
 [[2, 2], [4, 6], [111, 111]],
 [[6, 6], [6, 8], [124, 124]],
 [[0, 2], [2, 2], [50, 50]],
 [[0, 0], [2, 4], [142, 142]],
 [[3, 3], [4, 7], [3, 3]],
 [[3, 5], [1, 1], [92, 92]],
 [[3, 3], [6, 7], [140, 140]],
 [[9, 9], [3, 5], [108, 108]],
 [[4, 5], [5, 5], [78, 78]],
 [[1, 1], [0, 3], [65, 65]],
 [[1, 1], [6, 7], [160, 160]],
 [[8, 8], [6, 7], [163, 163]],
 [[4, 6], [1, 1], [126, 126]],
 [[0, 2], [8, 8], [33, 33]],
 [[8, 8], [1, 3], [24, 24]],
 [[2, 2], [3, 4], [25, 25]],
 [[5, 5], [2, 2], [30, 31]],
 [[4, 7], [6, 6], [123, 123]],
 [[0, 0], [5, 8], [85, 85]],
 [[8, 8], [4, 6], [18, 18]],
 [[6, 9], [9, 9], [12, 12]],
 [[3, 5], [3, 3], [39, 39]],
 [[9, 9], [5, 7], [119, 119]],
 [[7, 7], [3, 6], [184, 184]],
 [[5, 9], [0, 0], [10, 10]],
 [[0, 0], [3, 4], [58, 58]],
 [[7, 7], [2, 4], [74, 74]],
 [[6, 8], [7, 7], [36, 36]],
 [[5, 5], [3, 5], [160, 160]],
 [[6, 7], [0, 0], [160, 160]],
 [[6, 6], [3, 5], [42, 42]],
 [[0, 0], [0, 0], [32, 34]],
 [[3, 3], [2, 4], [94, 94]],
 [[5, 7], [6, 6], [6, 6]],
 [[2, 2], [6, 7], [149, 149]],
 [[2, 2], [0, 2], [51, 51]],
 [[2, 4], [6, 6], [26, 26]],
 [[0, 0], [4, 6], [69, 69]],
 [[8, 9], [0, 0], [153, 153]],
 [[4, 4], [2, 2], [157, 160]],
 [[5, 8], [7, 7], [59, 59]],
 [[4, 4], [0, 2], [114, 114]],
 [[5, 6], [2, 2], [57, 57]],
 [[0, 0], [5, 7], [147, 147]],
 [[3, 3], [4, 7], [31, 31]],
 [[7, 9], [5, 5], [71, 71]],
 [[5, 5], [3, 3], [79, 80]],
 [[0, 0], [6, 8], [32, 32]],
 [[4, 4], [7, 8], [177, 177]],
 [[6, 7], [2, 2], [65, 65]],
 [[0, 2], [1, 1], [168, 168]],
 [[2, 2], [3, 4], [58, 58]],
 [[8, 9], [5, 5], [109, 109]],
 [[4, 6], [9, 9], [66, 66]],
 [[1, 1], [6, 9], [75, 75]],
 [[4, 5], [4, 4], [111, 111]],
 [[2, 2], [5, 6], [188, 188]],
 [[5, 5], [4, 7], [24, 24]],
 [[9, 9], [4, 6], [43, 43]],
 [[3, 3], [4, 7], [97, 97]],
 [[4, 7], [6, 6], [165, 165]],
 [[0, 2], [9, 9], [148, 148]],
 [[0, 2], [3, 3], [138, 138]],
 [[9, 9], [6, 6], [100, 103]],
 [[5, 5], [6, 9], [38, 38]],
 [[5, 8], [7, 7], [19, 19]],
 [[8, 8], [6, 9], [68, 68]],
 [[3, 3], [6, 7], [174, 174]],
 [[7, 7], [5, 5], [36, 38]],
 [[3, 5], [0, 0], [162, 162]],
 [[3, 4], [5, 5], [123, 123]],
 [[3, 3], [8, 8], [121, 123]],
 [[7, 7], [7, 8], [2, 2]],
 [[0, 3], [2, 2], [45, 45]],
 [[0, 0], [7, 7], [86, 88]],
 [[1, 3], [2, 2], [62, 62]],
 [[7, 7], [1, 2], [26, 26]],
 [[5, 7], [3, 3], [172, 172]],
 [[1, 4], [5, 5], [89, 89]],
 [[5, 7], [3, 3], [153, 153]],
 [[1, 1], [7, 7], [86, 87]],
 [[0, 1], [3, 3], [112, 112]],
 [[5, 5], [5, 7], [97, 97]],
 [[7, 7], [4, 6], [25, 25]],
 [[6, 6], [2, 2], [81, 83]],
 [[2, 2], [3, 6], [71, 71]],
 [[0, 3], [8, 8], [65, 65]],
 [[5, 8], [7, 7], [26, 26]],
 [[0, 0], [3, 4], [56, 56]],
 [[0, 3], [6, 6], [159, 159]],
 [[6, 8], [1, 1], [94, 94]],
 [[8, 8], [7, 8], [60, 60]],
 [[3, 3], [0, 2], [171, 171]],
 [[1, 3], [8, 8], [42, 42]],
 [[0, 2], [2, 2], [5, 5]],
 [[9, 9], [6, 8], [156, 156]],
 [[1, 1], [2, 5], [147, 147]],
 [[4, 4], [0, 1], [55, 55]],
 [[0, 0], [5, 5], [67, 68]],
 [[0, 1], [7, 7], [15, 15]],
 [[6, 8], [4, 4], [73, 73]],
 [[5, 5], [8, 8], [157, 157]],
 [[2, 3], [0, 0], [41, 41]],
 [[5, 7], [6, 6], [94, 94]],
 [[5, 5], [0, 3], [27, 27]],
 [[7, 7], [2, 3], [128, 128]],
 [[4, 4], [3, 5], [23, 23]],
 [[8, 8], [3, 4], [79, 79]],
 [[6, 7], [3, 3], [129, 129]],
 [[5, 8], [9, 9], [154, 154]],
 [[5, 5], [1, 3], [25, 25]],
 [[6, 6], [1, 1], [74, 76]],
 [[4, 4], [4, 4], [136, 138]],
 [[4, 6], [6, 6], [179, 179]],
 [[7, 9], [4, 4], [113, 113]],
 [[1, 5], [2, 2], [29, 29]],
 [[0, 0], [4, 6], [59, 59]],
 [[8, 8], [4, 5], [160, 160]],
 [[5, 5], [2, 2], [154, 157]],
 [[3, 5], [9, 9], [152, 152]],
 [[9, 9], [6, 6], [9, 12]],
 [[5, 5], [0, 0], [67, 69]],
 [[9, 9], [6, 7], [120, 120]],
 [[4, 6], [1, 1], [8, 8]],
 [[8, 8], [1, 2], [109, 109]],
 [[1, 3], [3, 3], [113, 113]],
 [[5, 7], [4, 4], [31, 31]],
 [[0, 1], [4, 4], [7, 7]],
 [[3, 3], [4, 5], [116, 116]],
 [[5, 6], [3, 3], [3, 3]],
 [[5, 5], [7, 7], [109, 111]],
 [[7, 7], [3, 5], [111, 111]],
 [[4, 4], [1, 2], [57, 57]],
 [[3, 3], [2, 4], [173, 173]],
 [[1, 3], [2, 2], [86, 86]],
 [[1, 1], [1, 3], [21, 21]],
 [[3, 4], [5, 5], [87, 87]],
 [[1, 1], [5, 5], [148, 149]],
 [[6, 6], [1, 4], [171, 171]],
 [[0, 0], [1, 2], [60, 60]],
 [[5, 5], [3, 4], [97, 97]],
 [[7, 8], [5, 5], [35, 35]],
 [[2, 4], [3, 3], [137, 137]],
 [[2, 2], [3, 5], [125, 125]],
 [[0, 0], [7, 9], [106, 106]],
 [[0, 0], [4, 6], [157, 157]],
 [[3, 5], [0, 0], [77, 77]],
 [[9, 9], [2, 5], [24, 24]],
 [[6, 6], [2, 5], [24, 24]],
 [[8, 8], [7, 9], [152, 152]],
 [[3, 3], [1, 1], [176, 178]],
 [[4, 6], [8, 8], [112, 112]],
 [[1, 1], [5, 7], [45, 45]],
 [[8, 8], [1, 3], [165, 165]],
 [[5, 5], [3, 5], [63, 63]],
 [[9, 9], [0, 1], [16, 16]],
 [[0, 1], [7, 7], [155, 155]],
 [[2, 2], [4, 5], [55, 55]],
 [[0, 0], [2, 4], [63, 63]],
 [[6, 8], [1, 1], [104, 104]],
 [[3, 5], [2, 2], [5, 5]],
 [[9, 9], [3, 6], [146, 146]],
 [[3, 5], [1, 1], [97, 97]],
 [[2, 3], [7, 7], [1, 1]],
 [[4, 4], [3, 6], [7, 7]],
 [[6, 6], [7, 8], [1, 1]],
 [[5, 7], [5, 5], [61, 61]],
 [[5, 8], [9, 9], [13, 13]],
 [[4, 6], [4, 4], [29, 29]],
 [[1, 4], [1, 1], [163, 163]],
 [[5, 6], [2, 2], [153, 153]],
 [[3, 3], [8, 9], [7, 7]],
 [[3, 5], [7, 7], [146, 146]],
 [[2, 4], [0, 0], [10, 10]],
 [[1, 1], [6, 9], [57, 57]],
 [[0, 0], [6, 9], [101, 101]],
 [[0, 0], [1, 1], [18, 20]],
 [[9, 9], [7, 9], [149, 149]],
 [[2, 5], [1, 1], [9, 9]],
 [[0, 0], [2, 4], [159, 159]],
 [[4, 4], [2, 2], [173, 175]],
 [[0, 0], [1, 3], [141, 141]],
 [[5, 7], [1, 1], [102, 102]],
 [[6, 8], [0, 0], [147, 147]],
 [[6, 7], [2, 2], [157, 157]],
 [[5, 8], [3, 3], [96, 96]],
 [[9, 9], [4, 4], [1, 4]],
 [[3, 5], [0, 0], [133, 133]],
 [[3, 5], [5, 5], [35, 35]],
 [[1, 1], [3, 6], [20, 20]],
 [[7, 7], [8, 9], [1, 1]],
 [[3, 3], [4, 4], [61, 61]],
 [[8, 8], [4, 6], [45, 45]],
 [[0, 3], [7, 7], [30, 30]],
 [[2, 2], [1, 3], [153, 153]],
 [[0, 0], [7, 7], [151, 153]],
 [[8, 8], [3, 4], [38, 38]],
 [[4, 6], [9, 9], [68, 68]],
 [[6, 8], [6, 6], [140, 140]],
 [[5, 5], [4, 6], [162, 162]],
 [[6, 6], [2, 4], [155, 155]],
 [[1, 4], [9, 9], [70, 70]],
 [[9, 9], [6, 8], [155, 155]],
 [[2, 2], [0, 2], [60, 60]],
 [[0, 0], [7, 7], [102, 105]],
 [[1, 3], [3, 3], [110, 110]],
 [[2, 3], [9, 9], [156, 156]],
 [[1, 1], [2, 5], [90, 90]],
 [[2, 2], [9, 9], [116, 119]],
 [[1, 2], [6, 6], [100, 100]],
 [[8, 8], [7, 9], [39, 39]],
 [[5, 5], [7, 8], [12, 12]],
 [[5, 5], [1, 2], [47, 47]],
 [[3, 5], [2, 2], [91, 91]],
 [[6, 8], [0, 0], [30, 30]],
 [[4, 4], [2, 4], [12, 12]],
 [[5, 5], [7, 7], [67, 70]],
 [[4, 7], [1, 1], [145, 145]],
 [[4, 4], [1, 2], [28, 28]],
 [[6, 8], [2, 2], [118, 118]],
 [[4, 4], [5, 6], [100, 100]],
 [[6, 9], [0, 0], [62, 62]],
 [[0, 0], [5, 5], [33, 35]],
 [[3, 3], [4, 4], [140, 141]],
 [[1, 1], [3, 6], [69, 69]],
 [[5, 5], [7, 8], [51, 51]],
 [[0, 3], [9, 9], [63, 63]],
 [[5, 7], [9, 9], [112, 112]],
 [[2, 2], [6, 8], [75, 75]],
 [[6, 7], [2, 2], [89, 89]],
 [[1, 3], [9, 9], [88, 88]],
 [[0, 2], [7, 7], [100, 100]],
 [[6, 6], [2, 4], [152, 152]],
 [[7, 7], [4, 6], [151, 151]],
 [[8, 8], [1, 3], [102, 102]],
 [[2, 2], [8, 8], [135, 138]],
 [[0, 2], [3, 3], [59, 59]],
 [[2, 2], [6, 8], [73, 73]],
 [[8, 8], [4, 7], [34, 34]],
 [[5, 5], [1, 4], [20, 20]],
 [[5, 5], [0, 3], [130, 130]],
 [[7, 9], [1, 1], [80, 80]],
 [[4, 4], [6, 9], [46, 46]],
 [[7, 7], [4, 4], [84, 85]],
 [[1, 1], [2, 4], [76, 76]],
 [[6, 6], [2, 4], [18, 18]],
 [[4, 4], [7, 9], [145, 145]],
 [[2, 2], [7, 7], [173, 174]],
 [[0, 0], [3, 5], [155, 155]],
 [[7, 9], [3, 3], [62, 62]],
 [[7, 7], [4, 7], [33, 33]],
 [[2, 4], [9, 9], [146, 146]],
 [[8, 8], [3, 5], [25, 25]],
 [[9, 9], [0, 0], [32, 35]],
 [[5, 9], [5, 5], [77, 77]],
 [[4, 4], [4, 4], [33, 33]],
 [[2, 2], [1, 3], [75, 75]],
 [[2, 2], [2, 4], [93, 93]],
 [[3, 6], [3, 3], [95, 95]],
 [[6, 8], [6, 6], [17, 17]],
 [[0, 0], [4, 5], [61, 61]],
 [[6, 6], [0, 2], [5, 5]],
 [[1, 1], [0, 2], [174, 174]],
 [[5, 5], [6, 8], [65, 65]],
 [[9, 9], [2, 2], [37, 39]],
 [[3, 5], [1, 1], [141, 141]],
 [[4, 7], [5, 5], [91, 91]],
 [[1, 1], [5, 7], [114, 114]],
 [[5, 7], [8, 8], [96, 96]],
 [[2, 4], [0, 0], [75, 75]],
 [[1, 1], [6, 8], [73, 73]],
 [[6, 6], [3, 7], [66, 66]],
 [[6, 9], [8, 8], [129, 129]],
 [[1, 1], [3, 4], [58, 58]],
 [[4, 4], [8, 8], [113, 116]],
 [[1, 3], [4, 4], [127, 127]],
 [[4, 6], [2, 2], [48, 48]],
 [[1, 1], [4, 7], [119, 119]],
 [[1, 4], [9, 9], [155, 155]],
 [[6, 7], [2, 2], [112, 112]],
 [[2, 2], [1, 3], [152, 152]],
 [[1, 1], [4, 5], [169, 169]],
 [[6, 8], [4, 4], [115, 115]],
 [[4, 4], [2, 4], [27, 27]],
 [[0, 0], [7, 9], [14, 14]],
 [[7, 9], [3, 3], [100, 100]],
 [[5, 7], [4, 4], [45, 45]],
 [[1, 1], [3, 5], [64, 64]],
 [[5, 6], [4, 4], [161, 161]],
 [[3, 4], [3, 3], [174, 174]],
 [[5, 5], [0, 2], [66, 66]],
 [[7, 9], [8, 8], [171, 171]],
 [[6, 9], [0, 0], [65, 65]],
 [[3, 5], [8, 8], [52, 52]],
 [[8, 8], [4, 6], [141, 141]],
 [[5, 5], [1, 4], [89, 89]],
 [[6, 6], [1, 4], [4, 4]],
 [[6, 7], [9, 9], [122, 122]],
 [[4, 4], [5, 8], [106, 106]],
 [[3, 5], [3, 3], [22, 22]],
 [[2, 2], [6, 8], [151, 151]],
 [[9, 9], [6, 6], [28, 30]],
 [[5, 5], [5, 7], [106, 106]],
 [[8, 8], [2, 4], [61, 61]],
 [[5, 8], [7, 7], [71, 71]],
 [[9, 9], [8, 8], [32, 32]],
 [[8, 9], [7, 7], [37, 37]],
 [[3, 5], [0, 0], [128, 128]],
 [[8, 8], [5, 5], [53, 56]],
 [[4, 6], [4, 4], [55, 55]],
 [[0, 0], [0, 0], [146, 148]],
 [[3, 6], [7, 7], [89, 89]],
 [[5, 8], [0, 0], [61, 61]],
 [[1, 1], [0, 2], [40, 40]],
 [[2, 5], [9, 9], [153, 153]],
 [[7, 9], [4, 4], [147, 147]],
 [[9, 9], [3, 6], [27, 27]],
 [[6, 6], [4, 6], [70, 70]],
 [[5, 5], [3, 3], [174, 174]],
 [[3, 5], [3, 3], [4, 4]],
 [[1, 3], [4, 4], [118, 118]],
 [[6, 6], [2, 2], [84, 86]],
 [[8, 9], [4, 4], [172, 172]],
 [[1, 4], [2, 2], [14, 14]],
 [[5, 6], [9, 9], [50, 50]],
 [[2, 4], [7, 7], [176, 176]],
 [[9, 9], [7, 8], [71, 71]],
 [[2, 2], [3, 6], [126, 126]],
 [[2, 5], [8, 8], [134, 134]],
 [[3, 4], [5, 5], [122, 122]],
 [[0, 0], [8, 8], [151, 154]],
 [[6, 6], [6, 9], [109, 109]],
 [[5, 6], [3, 3], [114, 114]],
 [[2, 2], [1, 3], [3, 3]],
 [[3, 6], [4, 4], [5, 5]],
 [[2, 2], [4, 6], [52, 52]],
 [[6, 6], [7, 9], [108, 108]],
 [[1, 4], [9, 9], [48, 48]],
 [[4, 7], [1, 1], [7, 7]],
 [[7, 8], [7, 7], [96, 96]],
 [[5, 8], [1, 1], [135, 135]],
 [[4, 4], [1, 3], [38, 38]],
 [[5, 7], [0, 0], [31, 31]],
 [[1, 2], [1, 1], [167, 167]],
 [[0, 0], [0, 3], [73, 73]],
 [[9, 9], [1, 3], [130, 130]],
 [[6, 7], [0, 0], [159, 159]],
 [[1, 1], [0, 3], [126, 126]],
 [[1, 3], [0, 0], [130, 130]],
 [[3, 3], [4, 5], [115, 115]],
 [[5, 8], [3, 3], [36, 36]],
 [[6, 8], [8, 8], [30, 30]],
 [[5, 7], [3, 3], [127, 127]],
 [[6, 9], [2, 2], [46, 46]],
 [[0, 3], [7, 7], [113, 113]],
 [[6, 9], [8, 8], [176, 176]],
 [[7, 7], [0, 3], [58, 58]],
 [[5, 5], [3, 3], [74, 76]],
 [[6, 8], [6, 6], [164, 164]],
 [[7, 9], [2, 2], [90, 90]],
 [[5, 8], [6, 6], [157, 157]],
 [[6, 6], [0, 2], [158, 158]],
 [[5, 5], [4, 4], [34, 36]],
 [[6, 8], [9, 9], [111, 111]],
 [[8, 8], [6, 9], [29, 29]],
 [[2, 2], [5, 8], [181, 181]],
 [[6, 6], [0, 3], [29, 29]],
 [[9, 9], [7, 9], [11, 11]],
 [[0, 0], [5, 5], [162, 163]],
 [[3, 3], [1, 5], [164, 164]],
 [[6, 9], [6, 6], [153, 153]],
 [[7, 7], [4, 7], [66, 66]],
 [[2, 2], [3, 5], [73, 73]],
 [[9, 9], [2, 3], [91, 91]],
 [[3, 5], [5, 5], [127, 127]],
 [[4, 4], [6, 7], [59, 59]],
 [[5, 5], [0, 0], [164, 166]],
 [[7, 7], [4, 6], [100, 100]],
 [[7, 9], [9, 9], [74, 74]],
 [[1, 1], [7, 9], [112, 112]],
 [[1, 3], [8, 8], [139, 139]],
 [[8, 8], [2, 2], [115, 117]],
 [[8, 8], [4, 6], [63, 63]],
 [[6, 8], [4, 4], [82, 82]],
 [[2, 4], [3, 3], [124, 124]],
 [[0, 1], [2, 2], [25, 25]],
 [[6, 6], [0, 0], [3, 4]],
 [[1, 1], [5, 6], [103, 103]],
 [[4, 4], [0, 2], [40, 40]],
 [[7, 7], [2, 5], [156, 156]],
 [[5, 8], [7, 7], [87, 87]],
 [[2, 2], [5, 5], [36, 38]],
 [[1, 1], [5, 8], [31, 31]],
 [[2, 5], [1, 1], [91, 91]],
 [[6, 6], [3, 5], [97, 97]],
 [[8, 8], [2, 4], [80, 80]],
 [[2, 4], [2, 2], [82, 82]],
 [[5, 6], [3, 3], [161, 161]],
 [[4, 4], [1, 1], [127, 129]],
 [[7, 9], [8, 8], [119, 119]],
 [[4, 7], [3, 3], [138, 138]],
 [[6, 6], [0, 2], [35, 35]],
 [[3, 5], [7, 7], [152, 152]],
 [[7, 9], [1, 1], [103, 103]],
 [[0, 1], [8, 8], [61, 61]],
 [[4, 4], [4, 6], [6, 6]],
 [[7, 7], [3, 5], [43, 43]],
 [[6, 6], [9, 9], [155, 157]],
 [[4, 4], [5, 6], [58, 58]],
 [[2, 2], [3, 3], [54, 56]],
 [[1, 5], [6, 6], [122, 122]],
 [[6, 6], [3, 4], [56, 56]],
 [[0, 3], [1, 1], [140, 140]],
 [[8, 8], [1, 2], [47, 47]],
 [[6, 6], [1, 4], [139, 139]],
 [[4, 4], [5, 7], [36, 36]],
 [[2, 4], [6, 6], [22, 22]],
 [[7, 8], [4, 4], [104, 104]],
 [[3, 5], [1, 1], [29, 29]],
 [[9, 9], [4, 6], [169, 169]],
 [[5, 8], [0, 0], [129, 129]],
 [[9, 9], [3, 3], [1, 3]],
 [[0, 2], [0, 0], [8, 8]],
 [[7, 7], [0, 2], [146, 146]],
 [[2, 4], [2, 2], [81, 81]],
 [[5, 8], [8, 8], [25, 25]],
 [[3, 3], [4, 6], [2, 2]],
 [[6, 7], [2, 2], [30, 30]],
 [[5, 5], [1, 3], [129, 129]],
 [[3, 3], [0, 2], [55, 55]],
 [[1, 1], [6, 6], [5, 7]],
 [[2, 4], [4, 4], [105, 105]],
 [[6, 8], [1, 1], [36, 36]],
 [[4, 4], [0, 3], [156, 156]],
 [[3, 4], [9, 9], [65, 65]],
 [[3, 3], [0, 2], [129, 129]],
 [[2, 2], [1, 3], [92, 92]],
 [[4, 6], [0, 0], [117, 117]],
 [[1, 4], [9, 9], [4, 4]],
 [[3, 6], [2, 2], [43, 43]],
 [[7, 7], [6, 6], [61, 63]],
 [[6, 6], [1, 4], [111, 111]],
 [[2, 2], [2, 4], [176, 176]],
 [[4, 4], [5, 8], [3, 3]],
 [[3, 4], [4, 4], [149, 149]],
 [[3, 3], [6, 9], [151, 151]],
 [[3, 5], [8, 8], [4, 4]],
 [[3, 3], [0, 3], [76, 76]],
 [[3, 5], [8, 8], [81, 81]],
 [[5, 7], [9, 9], [2, 2]],
 [[7, 9], [4, 4], [171, 171]],
 [[4, 7], [4, 4], [14, 14]],
 [[2, 2], [9, 9], [178, 182]],
 [[3, 3], [4, 8], [133, 133]],
 [[3, 3], [1, 3], [87, 87]],
 [[1, 3], [4, 4], [175, 175]],
 [[5, 5], [0, 1], [48, 48]],
 [[9, 9], [4, 6], [8, 8]],
 [[1, 4], [6, 6], [98, 98]],
 [[0, 2], [9, 9], [35, 35]],
 [[4, 7], [8, 8], [63, 63]],
 [[3, 3], [1, 4], [165, 165]],
 [[0, 1], [0, 0], [58, 58]],
 [[2, 4], [6, 6], [21, 21]],
 [[9, 9], [3, 5], [174, 174]],
 [[4, 4], [1, 3], [63, 63]],
 [[3, 3], [7, 9], [177, 177]],
 [[1, 3], [9, 9], [86, 86]],
 [[5, 5], [5, 8], [55, 55]],
 [[9, 9], [2, 5], [83, 83]],
 [[1, 3], [8, 8], [124, 124]],
 [[7, 9], [9, 9], [44, 44]],
 [[5, 7], [2, 2], [36, 36]],
 [[8, 8], [1, 3], [131, 131]],
 [[7, 7], [2, 3], [76, 76]],
 [[6, 6], [2, 3], [64, 64]],
 [[7, 7], [2, 4], [6, 6]],
 [[2, 2], [6, 6], [11, 13]],
 [[8, 8], [2, 5], [114, 114]],
 [[6, 6], [7, 7], [126, 128]],
 [[3, 6], [6, 6], [78, 78]],
 [[4, 4], [3, 7], [52, 52]],
 [[3, 3], [2, 5], [85, 85]],
 [[3, 5], [9, 9], [49, 49]],
 [[0, 4], [3, 3], [72, 72]],
 [[2, 3], [9, 9], [8, 8]],
 [[9, 9], [0, 2], [79, 79]],
 [[1, 3], [2, 2], [172, 172]],
 [[0, 2], [3, 3], [52, 52]],
 [[0, 1], [9, 9], [2, 2]],
 [[0, 3], [6, 6], [44, 44]],
 [[7, 8], [0, 0], [3, 3]],
 [[2, 2], [3, 6], [33, 33]],
 [[1, 1], [0, 2], [134, 134]],
 [[9, 9], [7, 9], [118, 118]],
 [[9, 9], [4, 7], [98, 98]],
 [[1, 1], [7, 9], [16, 16]],
 [[1, 2], [1, 1], [142, 142]],
 [[3, 3], [0, 4], [71, 71]],
 [[2, 5], [0, 0], [65, 65]],
 [[6, 6], [0, 0], [118, 119]],
 [[8, 8], [7, 9], [55, 55]],
 [[1, 1], [2, 5], [125, 125]],
 [[5, 5], [1, 4], [133, 133]],
 [[4, 4], [8, 8], [1, 2]],
 [[7, 7], [4, 6], [125, 125]],
 [[6, 6], [1, 3], [159, 159]],
 [[9, 9], [2, 6], [14, 14]],
 [[1, 3], [9, 9], [41, 41]],
 [[7, 8], [3, 3], [105, 105]],
 [[0, 0], [6, 6], [46, 47]],
 [[5, 7], [7, 7], [125, 125]],
 [[1, 3], [7, 7], [116, 116]],
 [[8, 9], [3, 3], [155, 155]],
 [[5, 5], [2, 4], [139, 139]],
 [[3, 3], [5, 8], [120, 120]],
 [[4, 6], [7, 7], [157, 157]],
 [[8, 8], [5, 5], [20, 22]],
 [[3, 4], [6, 6], [176, 176]],
 [[3, 5], [8, 8], [9, 9]],
 [[3, 4], [3, 3], [129, 129]],
 [[6, 6], [6, 6], [180, 182]],
 [[4, 8], [3, 3], [37, 37]],
 [[8, 8], [9, 9], [69, 70]],
 [[9, 9], [2, 6], [170, 170]],
 [[4, 5], [1, 1], [146, 146]],
 [[0, 3], [2, 2], [84, 84]],
 [[9, 9], [3, 5], [173, 173]],
 [[1, 3], [9, 9], [42, 42]],
 [[8, 8], [8, 9], [71, 71]],
 [[2, 3], [3, 3], [36, 36]],
 [[4, 4], [4, 6], [178, 178]],
 [[0, 0], [6, 8], [134, 134]],
 [[0, 0], [1, 2], [143, 143]],
 [[2, 4], [9, 9], [115, 115]],
 [[0, 0], [2, 6], [149, 149]],
 [[5, 6], [9, 9], [113, 113]],
 [[4, 5], [3, 3], [21, 21]],
 [[7, 7], [6, 6], [101, 103]],
 [[0, 3], [7, 7], [38, 38]],
 [[6, 7], [4, 4], [180, 180]],
 [[0, 1], [8, 8], [140, 140]],
 [[5, 5], [6, 8], [185, 185]],
 [[5, 7], [7, 7], [132, 132]],
 [[3, 6], [6, 6], [139, 139]],
 [[4, 4], [0, 3], [54, 54]],
 [[5, 5], [5, 7], [108, 108]],
 [[1, 1], [5, 6], [142, 142]],
 [[8, 8], [0, 2], [156, 156]],
 [[1, 1], [3, 3], [145, 145]],
 [[7, 7], [3, 5], [132, 132]],
 [[5, 5], [5, 8], [95, 95]],
 [[7, 7], [4, 7], [28, 28]],
 [[1, 3], [9, 9], [58, 58]],
 [[0, 3], [3, 3], [88, 88]],
 [[3, 5], [6, 6], [96, 96]],
 [[5, 7], [7, 7], [175, 175]],
 [[1, 3], [6, 6], [56, 56]],
 [[4, 6], [2, 2], [182, 182]],
 [[6, 7], [4, 4], [96, 96]],
 [[2, 2], [0, 1], [93, 93]],
 [[4, 5], [9, 9], [148, 148]],
 [[5, 7], [3, 3], [154, 154]],
 [[7, 9], [9, 9], [15, 15]],
 [[6, 9], [6, 6], [154, 154]],
 [[1, 1], [1, 4], [164, 164]],
 [[1, 4], [3, 3], [46, 46]],
 [[5, 5], [9, 9], [87, 88]],
 [[3, 4], [1, 1], [31, 31]],
 [[6, 7], [6, 6], [155, 155]],
 [[2, 2], [6, 9], [177, 177]],
 [[9, 9], [6, 6], [45, 46]],
 [[1, 1], [7, 9], [129, 129]],
 [[0, 0], [7, 8], [141, 141]],
 [[6, 7], [0, 0], [162, 162]],
 [[6, 8], [5, 5], [159, 159]],
 [[8, 8], [3, 5], [39, 39]],
 [[7, 7], [6, 6], [34, 36]],
 [[9, 9], [3, 5], [9, 9]],
 [[3, 5], [1, 1], [41, 41]],
 [[1, 1], [1, 1], [92, 92]],
 [[7, 9], [4, 4], [112, 112]],
 [[3, 3], [0, 0], [11, 12]],
 [[4, 7], [3, 3], [41, 41]],
 [[2, 5], [5, 5], [17, 17]],
 [[7, 7], [5, 7], [60, 60]],
 [[5, 7], [4, 4], [110, 110]],
 [[2, 4], [2, 2], [39, 39]],
 [[1, 3], [5, 5], [140, 140]],
 [[6, 6], [0, 2], [50, 50]],
 [[0, 0], [0, 3], [66, 66]],
 [[7, 9], [2, 2], [48, 48]],
 [[2, 5], [2, 2], [61, 61]],
 [[5, 7], [1, 1], [134, 134]],
 [[2, 4], [9, 9], [34, 34]],
 [[7, 8], [6, 6], [104, 104]],
 [[2, 2], [6, 6], [66, 68]],
 [[3, 3], [5, 8], [94, 94]],
 [[1, 1], [7, 9], [143, 143]],
 [[9, 9], [2, 4], [36, 36]],
 [[9, 9], [6, 7], [26, 26]],
 [[6, 9], [3, 3], [35, 35]],
 [[5, 7], [3, 3], [82, 82]],
 [[7, 9], [3, 3], [106, 106]],
 [[7, 9], [4, 4], [149, 149]],
 [[0, 2], [9, 9], [32, 32]],
 [[5, 5], [6, 7], [32, 32]],
 [[8, 8], [5, 6], [161, 161]],
 [[5, 7], [9, 9], [16, 16]],
 [[3, 3], [3, 5], [109, 109]],
 [[4, 4], [5, 8], [125, 125]],
 [[7, 8], [1, 1], [37, 37]],
 [[3, 5], [4, 4], [60, 60]],
 [[0, 0], [4, 7], [116, 116]],
 [[2, 2], [3, 5], [61, 61]],
 [[6, 6], [4, 4], [15, 17]],
 [[1, 1], [7, 7], [108, 111]],
 [[5, 6], [6, 6], [63, 63]],
 [[4, 7], [5, 5], [8, 8]],
 [[0, 0], [5, 7], [36, 36]],
 [[0, 2], [4, 4], [156, 156]],
 [[4, 6], [0, 0], [132, 132]],
 [[4, 4], [3, 6], [104, 104]],
 [[0, 3], [6, 6], [65, 65]],
 [[0, 0], [1, 2], [74, 74]],
 [[0, 1], [7, 7], [107, 107]],
 [[5, 5], [5, 7], [62, 62]],
 [[5, 5], [3, 6], [156, 156]],
 [[8, 9], [2, 2], [155, 155]],
 [[0, 0], [3, 6], [53, 53]],
 [[5, 5], [0, 0], [1, 1]],
 [[7, 8], [8, 8], [170, 170]],
 [[1, 1], [5, 7], [54, 54]],
 [[3, 5], [2, 2], [95, 95]],
 [[6, 7], [6, 6], [67, 67]],
 [[1, 1], [6, 7], [161, 161]],
 [[0, 1], [3, 3], [74, 74]],
 [[0, 0], [3, 6], [20, 20]],
 [[0, 0], [5, 8], [60, 60]],
 [[1, 4], [8, 8], [62, 62]],
 [[6, 7], [7, 7], [120, 120]],
 [[6, 8], [5, 5], [17, 17]],
 [[5, 8], [1, 1], [152, 152]],
 [[6, 6], [4, 4], [43, 44]],
 [[8, 8], [4, 5], [105, 105]],
 [[4, 4], [7, 8], [54, 54]],
 [[0, 2], [2, 2], [112, 112]],
 [[7, 9], [8, 8], [112, 112]],
 [[2, 2], [3, 5], [74, 74]],
 [[3, 3], [4, 6], [108, 108]],
 [[5, 7], [3, 3], [2, 2]],
 [[4, 4], [4, 6], [4, 4]],
 [[4, 6], [7, 7], [11, 11]],
 [[7, 7], [7, 9], [73, 73]],
 [[1, 1], [2, 2], [22, 24]],
 [[6, 7], [1, 1], [113, 113]],
 [[7, 7], [0, 3], [59, 59]],
 [[5, 5], [6, 8], [56, 56]],
 [[7, 9], [9, 9], [120, 120]],
 [[5, 8], [3, 3], [23, 23]],
 [[6, 7], [4, 4], [32, 32]],
 [[3, 3], [2, 4], [50, 50]],
 [[9, 9], [4, 6], [16, 16]],
 [[7, 7], [6, 7], [169, 169]],
 [[7, 7], [2, 4], [15, 15]],
 [[7, 8], [2, 2], [16, 16]],
 [[9, 9], [5, 7], [78, 78]],
 [[0, 2], [9, 9], [114, 114]],
 [[2, 2], [2, 4], [139, 139]],
 [[9, 9], [5, 7], [115, 115]],
 [[4, 4], [6, 9], [186, 186]],
 [[5, 5], [7, 9], [15, 15]],
 [[0, 4], [1, 1], [17, 17]],
 [[9, 9], [5, 8], [70, 70]],
 [[4, 6], [1, 1], [170, 170]],
 [[3, 6], [6, 6], [14, 14]],
 [[2, 2], [5, 7], [10, 10]],
 [[6, 6], [3, 4], [99, 99]],
 [[5, 7], [1, 1], [10, 10]],
 [[0, 3], [1, 1], [32, 32]],
 [[4, 4], [1, 5], [64, 64]],
 [[1, 1], [5, 8], [4, 4]],
 [[4, 5], [0, 0], [56, 56]],
 [[7, 7], [4, 7], [95, 95]],
 [[7, 7], [1, 4], [57, 57]],
 [[2, 4], [6, 6], [144, 144]],
 [[6, 8], [5, 5], [19, 19]],
 [[0, 3], [5, 5], [132, 132]],
 [[6, 6], [1, 1], [114, 118]],
 [[0, 0], [0, 3], [7, 7]],
 [[3, 3], [4, 6], [1, 1]],
 [[1, 1], [1, 3], [39, 39]],
 [[6, 8], [9, 9], [72, 72]],
 [[3, 3], [4, 6], [170, 170]],
 [[4, 4], [2, 4], [108, 108]],
 [[4, 4], [2, 5], [15, 15]],
 [[4, 4], [4, 7], [25, 25]],
 [[1, 3], [4, 4], [136, 136]],
 [[3, 5], [6, 6], [91, 91]],
 [[3, 5], [1, 1], [30, 30]],
 [[2, 2], [3, 4], [95, 95]],
 [[3, 3], [1, 3], [96, 96]],
 [[5, 5], [6, 8], [66, 66]],
 [[8, 8], [5, 8], [169, 169]],
 [[3, 3], [5, 5], [165, 165]],
 [[7, 9], [7, 7], [97, 97]],
 [[9, 9], [2, 5], [150, 150]],
 [[7, 9], [4, 4], [7, 7]],
 [[7, 7], [2, 4], [155, 155]],
 [[5, 5], [5, 7], [58, 58]],
 [[6, 8], [4, 4], [81, 81]],
 [[2, 3], [6, 6], [4, 4]],
 [[4, 7], [3, 3], [1, 1]],
 [[1, 1], [6, 8], [64, 64]],
 [[5, 5], [3, 4], [56, 56]],
 [[7, 7], [3, 6], [3, 3]],
 [[1, 3], [4, 4], [168, 168]],
 [[5, 5], [7, 9], [86, 86]],
 [[0, 0], [5, 8], [2, 2]],
 [[6, 6], [2, 3], [58, 58]],
 [[6, 6], [2, 2], [90, 91]],
 [[2, 2], [5, 7], [172, 172]],
 [[5, 5], [2, 4], [15, 15]],
 [[6, 6], [2, 4], [25, 25]],
 [[7, 7], [5, 8], [160, 160]],
 [[5, 8], [1, 1], [90, 90]],
 [[3, 3], [7, 9], [141, 141]],
 [[5, 5], [7, 7], [53, 54]],
 [[4, 4], [3, 3], [125, 127]],
 [[2, 2], [7, 8], [40, 40]],
 [[5, 8], [4, 4], [71, 71]],
 [[0, 1], [0, 0], [31, 31]],
 [[0, 0], [5, 6], [148, 148]],
 [[4, 5], [3, 3], [109, 109]],
 [[5, 5], [6, 8], [31, 31]],
 [[5, 7], [4, 4], [159, 159]],
 [[1, 3], [0, 0], [56, 56]],
 [[0, 2], [3, 3], [122, 122]],
 [[1, 1], [7, 7], [33, 36]],
 [[6, 6], [5, 8], [82, 82]],
 [[4, 4], [2, 2], [115, 117]],
 [[5, 8], [8, 8], [147, 147]],
 [[1, 1], [1, 1], [93, 96]],
 [[8, 9], [7, 7], [108, 108]],
 [[1, 3], [1, 1], [54, 54]],
 [[4, 4], [5, 6], [185, 185]],
 [[8, 8], [8, 9], [130, 130]],
 [[3, 4], [5, 5], [92, 92]],
 [[1, 1], [0, 2], [30, 30]],
 [[2, 2], [0, 0], [11, 13]],
 [[0, 1], [0, 0], [22, 22]],
 [[4, 4], [5, 7], [24, 24]],
 [[7, 7], [3, 5], [130, 130]],
 [[4, 6], [0, 0], [8, 8]],
 [[1, 1], [0, 2], [141, 141]],
 [[2, 4], [6, 6], [103, 103]],
 [[0, 3], [2, 2], [49, 49]],
 [[8, 8], [6, 8], [38, 38]],
 [[7, 9], [1, 1], [110, 110]],
 [[2, 4], [1, 1], [58, 58]],
 [[0, 0], [3, 5], [158, 158]],
 [[0, 0], [1, 4], [8, 8]],
 [[1, 1], [7, 9], [162, 162]],
 [[1, 1], [2, 2], [46, 48]],
 [[9, 9], [3, 3], [37, 37]],
 [[0, 0], [3, 3], [54, 55]],
 [[6, 6], [0, 2], [87, 87]],
 [[4, 6], [6, 6], [77, 77]],
 [[1, 1], [5, 7], [46, 46]],
 [[8, 9], [4, 4], [15, 15]],
 [[2, 4], [8, 8], [22, 22]],
 [[3, 3], [1, 5], [139, 139]],
 [[6, 8], [3, 3], [104, 104]],
 [[2, 2], [9, 9], [60, 62]],
 [[2, 2], [2, 2], [177, 180]],
 [[1, 3], [4, 4], [63, 63]],
 [[2, 2], [5, 8], [20, 20]],
 [[5, 9], [0, 0], [28, 28]],
 [[7, 7], [6, 7], [72, 72]],
 [[4, 4], [4, 6], [13, 13]],
 [[7, 7], [1, 3], [101, 101]],
 [[5, 5], [3, 5], [33, 33]],
 [[5, 5], [7, 9], [72, 72]],
 [[4, 5], [9, 9], [53, 53]],
 [[7, 9], [9, 9], [3, 3]],
 [[8, 9], [2, 2], [151, 151]],
 [[8, 8], [6, 7], [155, 155]],
 [[6, 6], [0, 3], [100, 100]],
 [[2, 4], [8, 8], [82, 82]],
 [[3, 3], [3, 3], [125, 127]],
 [[8, 8], [2, 3], [20, 20]],
 [[0, 2], [3, 3], [135, 135]],
 [[6, 6], [0, 2], [105, 105]],
 [[2, 5], [7, 7], [88, 88]],
 [[2, 5], [6, 6], [173, 173]],
 [[7, 7], [4, 6], [152, 152]],
 [[6, 8], [5, 5], [101, 101]],
 [[6, 8], [4, 4], [98, 98]],
 [[6, 6], [9, 9], [3, 5]],
 [[3, 3], [6, 6], [136, 138]],
 [[0, 2], [9, 9], [87, 87]],
 [[1, 4], [2, 2], [6, 6]],
 [[2, 5], [6, 6], [23, 23]],
 [[0, 0], [4, 6], [103, 103]],
 [[0, 2], [1, 1], [52, 52]],
 [[1, 1], [8, 9], [142, 142]],
 [[4, 4], [0, 3], [161, 161]],
 [[6, 6], [7, 9], [110, 110]],
 [[0, 2], [0, 0], [57, 57]],
 [[0, 0], [5, 6], [66, 66]],
 [[5, 8], [1, 1], [82, 82]],
 [[6, 6], [8, 8], [125, 128]],
 [[2, 2], [3, 4], [34, 34]],
 [[3, 4], [5, 5], [121, 121]],
 [[3, 3], [8, 8], [66, 68]],
 [[1, 1], [6, 6], [66, 68]],
 [[5, 7], [8, 8], [114, 114]],
 [[0, 2], [6, 6], [120, 120]],
 [[2, 2], [1, 1], [63, 65]],
 [[9, 9], [7, 9], [144, 144]],
 [[2, 2], [1, 3], [96, 96]],
 [[6, 6], [6, 8], [173, 173]],
 [[5, 8], [3, 3], [19, 19]],
 [[6, 8], [4, 4], [62, 62]],
 [[3, 4], [9, 9], [157, 157]],
 [[0, 2], [6, 6], [158, 158]],
 [[7, 9], [7, 7], [25, 25]],
 [[8, 8], [5, 7], [67, 67]],
 [[4, 6], [8, 8], [53, 53]],
 [[1, 2], [4, 4], [94, 94]],
 [[9, 9], [3, 6], [145, 145]],
 [[5, 5], [1, 4], [132, 132]],
 [[3, 3], [6, 8], [83, 83]],
 [[9, 9], [5, 5], [167, 168]],
 [[1, 1], [3, 5], [75, 75]],
 [[2, 2], [0, 2], [164, 164]],
 [[0, 0], [4, 7], [154, 154]],
 [[3, 3], [7, 7], [51, 54]],
 [[0, 3], [8, 8], [84, 84]],
 [[7, 9], [1, 1], [83, 83]],
 [[2, 2], [7, 9], [85, 85]],
 [[5, 5], [0, 1], [155, 155]],
 [[2, 2], [8, 9], [183, 183]],
 [[3, 3], [0, 0], [134, 135]],
 [[2, 2], [4, 4], [22, 24]],
 [[1, 3], [7, 7], [5, 5]],
 [[2, 2], [3, 5], [35, 35]],
 [[1, 1], [1, 2], [60, 60]],
 [[7, 9], [1, 1], [50, 50]],
 [[5, 7], [4, 4], [150, 150]],
 [[9, 9], [5, 7], [117, 117]],
 [[0, 1], [4, 4], [120, 120]],
 [[4, 4], [3, 3], [139, 142]],
 [[0, 2], [7, 7], [115, 115]],
 [[6, 6], [4, 5], [46, 46]],
 [[0, 3], [4, 4], [107, 107]],
 [[2, 4], [6, 6], [180, 180]],
 [[0, 0], [7, 9], [66, 66]],
 [[3, 3], [2, 3], [115, 115]],
 [[2, 4], [9, 9], [147, 147]],
 [[6, 9], [7, 7], [10, 10]],
 [[2, 5], [5, 5], [171, 171]],
 [[1, 2], [7, 7], [150, 150]],
 [[7, 9], [2, 2], [82, 82]],
 [[4, 4], [2, 5], [26, 26]],
 [[2, 5], [8, 8], [76, 76]],
 [[2, 3], [7, 7], [63, 63]],
 [[2, 2], [4, 5], [144, 144]],
 [[7, 7], [3, 5], [99, 99]],
 [[5, 8], [8, 8], [13, 13]],
 [[5, 5], [7, 8], [64, 64]],
 [[5, 5], [2, 4], [42, 42]],
 [[3, 6], [6, 6], [149, 149]],
 [[2, 2], [6, 7], [39, 39]],
 [[6, 9], [7, 7], [18, 18]],
 [[7, 7], [5, 6], [30, 30]],
 [[1, 4], [8, 8], [74, 74]],
 [[5, 5], [2, 2], [21, 24]],
 [[6, 6], [2, 4], [74, 74]],
 [[6, 9], [8, 8], [175, 175]],
 [[1, 1], [1, 1], [99, 99]],
 [[0, 2], [3, 3], [57, 57]],
 [[2, 2], [0, 2], [40, 40]],
 [[3, 3], [4, 5], [36, 36]],
 [[7, 9], [2, 2], [60, 60]],
 [[3, 3], [0, 0], [72, 74]],
 [[4, 6], [2, 2], [80, 80]],
 [[5, 7], [9, 9], [114, 114]],
 [[5, 5], [3, 5], [43, 43]],
 [[7, 7], [2, 5], [158, 158]],
 [[7, 9], [6, 6], [116, 116]],
 [[8, 8], [6, 9], [66, 66]],
 [[2, 6], [7, 7], [119, 119]],
 [[2, 4], [6, 6], [63, 63]],
 [[3, 3], [4, 6], [24, 24]],
 [[0, 2], [5, 5], [146, 146]],
 [[8, 8], [2, 4], [91, 91]],
 [[0, 0], [0, 2], [21, 21]],
 [[2, 2], [0, 0], [76, 79]],
 [[5, 7], [7, 7], [129, 129]],
 [[5, 6], [9, 9], [67, 67]],
 [[0, 0], [0, 0], [74, 75]],
 [[6, 8], [2, 2], [21, 21]],
 [[5, 7], [7, 7], [8, 8]],
 [[6, 9], [0, 0], [51, 51]],
 [[9, 9], [1, 2], [104, 104]],
 [[7, 8], [1, 1], [132, 132]],
 [[6, 8], [0, 0], [33, 33]],
 [[5, 6], [6, 6], [151, 151]],
 [[6, 8], [8, 8], [149, 149]],
 [[3, 5], [8, 8], [152, 152]],
 [[4, 6], [0, 0], [63, 63]],
 [[0, 0], [6, 8], [54, 54]],
 [[3, 5], [5, 5], [59, 59]],
 [[3, 5], [6, 6], [160, 160]],
 [[1, 1], [3, 6], [38, 38]],
 [[1, 1], [5, 5], [129, 130]],
 [[0, 3], [7, 7], [12, 12]],
 [[7, 7], [6, 8], [4, 4]],
 [[2, 3], [5, 5], [153, 153]],
 [[6, 6], [0, 3], [79, 79]],
 [[8, 9], [6, 6], [118, 118]],
 [[6, 8], [7, 7], [131, 131]],
 [[5, 5], [5, 7], [124, 124]],
 [[6, 6], [4, 6], [112, 112]],
 [[6, 8], [3, 3], [83, 83]],
 [[6, 6], [2, 2], [66, 67]],
 [[2, 2], [3, 6], [143, 143]],
 [[8, 9], [0, 0], [31, 31]],
 [[9, 9], [0, 3], [154, 154]],
 [[6, 9], [3, 3], [162, 162]],
 [[7, 7], [6, 6], [56, 57]],
 [[9, 9], [6, 8], [99, 99]],
 [[6, 6], [6, 6], [68, 69]],
 [[2, 5], [3, 3], [44, 44]],
 [[0, 1], [4, 4], [112, 112]],
 [[0, 0], [8, 9], [107, 107]],
 [[3, 5], [2, 2], [109, 109]],
 [[5, 7], [7, 7], [52, 52]],
 [[6, 6], [7, 8], [88, 88]],
 [[1, 1], [6, 8], [85, 85]]]
[[945],
 [82],
 [889],
 [788],
 [1106],
 [378],
 [561],
 [745],
 [],
 [877],
 [915],
 [171],
 [1060],
 [1068],
 [659],
 [1202],
 [1460],
 [680],
 [1462],
 [79],
 [437],
 [152, 577],
 [139],
 [1051],
 [434],
 [235],
 [],
 [920],
 [662],
 [501],
 [1103],
 [558],
 [1028],
 [1099],
 [638],
 [617],
 [336],
 [985],
 [774],
 [784],
 [1474],
 [571],
 [718],
 [461],
 [716],
 [514],
 [377],
 [768],
 [365],
 [402],
 [1372],
 [483],
 [867],
 [1186],
 [82],
 [264],
 [372],
 [872],
 [1176, 1456],
 [1190],
 [617],
 [377],
 [636],
 [940],
 [533],
 [1461],
 [1338],
 [737],
 [1151],
 [1411],
 [757, 1264],
 [1392],
 [1, 467],
 [539, 908],
 [1059],
 [1416],
 [1387],
 [114],
 [1462],
 [1034],
 [88],
 [1061],
 [838],
 [1050],
 [621],
 [984],
 [1066],
 [1166],
 [922],
 [988, 1416],
 [199],
 [711],
 [682],
 [751],
 [1022],
 [1155],
 [454],
 [867],
 [974],
 [196],
 [192],
 [1290],
 [92],
 [693],
 [608],
 [426],
 [982],
 [43],
 [55],
 [939],
 [1134],
 [226],
 [1138],
 [774],
 [101],
 [103],
 [504],
 [385],
 [433, 839],
 [1166],
 [737],
 [793],
 [821],
 [775],
 [532],
 [164],
 [684],
 [1005],
 [1325],
 [412],
 [],
 [842],
 [923],
 [1065],
 [467],
 [722],
 [],
 [1331],
 [227],
 [282, 882],
 [604],
 [67, 936],
 [516],
 [573],
 [479],
 [1032],
 [455],
 [936],
 [1239],
 [719],
 [1441],
 [223],
 [78],
 [526],
 [1474],
 [1336],
 [997],
 [1228],
 [1189, 1381],
 [1200],
 [1174],
 [1433],
 [1205],
 [10, 167, 1178],
 [702],
 [394],
 [808],
 [915],
 [1281],
 [445],
 [1422],
 [1094],
 [235],
 [733],
 [759],
 [950],
 [401],
 [261],
 [672],
 [298],
 [1310],
 [809],
 [1231],
 [1269],
 [1408],
 [723],
 [969],
 [1303],
 [202],
 [708],
 [1302],
 [467],
 [198],
 [1128],
 [70],
 [1405],
 [410],
 [1278],
 [1471],
 [786],
 [61, 712],
 [1002],
 [168],
 [138],
 [705],
 [1183],
 [959],
 [104, 754],
 [1320],
 [936],
 [761],
 [1005],
 [983],
 [151],
 [182],
 [348],
 [166],
 [1210],
 [1476],
 [482],
 [741],
 [263],
 [48],
 [908],
 [533],
 [998],
 [896, 918],
 [533],
 [846],
 [520],
 [1297],
 [1078],
 [966],
 [382],
 [195],
 [1018],
 [1350],
 [658],
 [570],
 [38],
 [585],
 [301],
 [1157],
 [423],
 [1062],
 [1002],
 [629],
 [895],
 [695, 1191],
 [1284],
 [1475],
 [177],
 [985],
 [594],
 [207],
 [312],
 [770],
 [946],
 [312],
 [1448],
 [1127],
 [442],
 [595],
 [1056],
 [213],
 [975],
 [1455],
 [1097],
 [1110],
 [327],
 [1319],
 [270, 1224],
 [812],
 [1303],
 [331],
 [1245, 1364],
 [397],
 [7],
 [926],
 [1390],
 [228],
 [1260],
 [510],
 [733],
 [1285],
 [472],
 [487],
 [584],
 [546],
 [],
 [1206],
 [1445],
 [610],
 [69],
 [839],
 [805],
 [804],
 [462],
 [272, 1249],
 [71],
 [792],
 [1025],
 [344],
 [790],
 [263],
 [1432],
 [332],
 [1468],
 [1289],
 [1163],
 [770],
 [959],
 [293],
 [21, 708],
 [829],
 [602],
 [262],
 [37],
 [75],
 [170],
 [193],
 [197],
 [135],
 [185],
 [81],
 [331, 1162],
 [1209],
 [413],
 [1201],
 [106],
 [556],
 [459],
 [1120],
 [368, 1224],
 [825],
 [105],
 [1365],
 [1351],
 [1436],
 [1034],
 [1361],
 [815],
 [942],
 [649],
 [434],
 [150],
 [836],
 [715],
 [156],
 [289],
 [61, 712],
 [833],
 [481],
 [774],
 [1079],
 [],
 [1085],
 [588, 670],
 [1405],
 [1382],
 [927],
 [989],
 [922],
 [414],
 [917],
 [1395],
 [1122],
 [130],
 [1004, 1437],
 [59],
 [1040],
 [325],
 [1025],
 [140],
 [417],
 [816, 1443],
 [786],
 [416],
 [1242],
 [268],
 [634],
 [],
 [202],
 [193],
 [631],
 [1417],
 [562],
 [991],
 [97],
 [265],
 [133],
 [1132],
 [181],
 [1455],
 [858],
 [1431],
 [988, 1416],
 [455],
 [771],
 [297],
 [214],
 [516],
 [1020],
 [590, 1430],
 [1272, 1333],
 [726],
 [979],
 [281],
 [1481],
 [561],
 [1472],
 [1050],
 [859],
 [523],
 [498],
 [1152],
 [580],
 [902],
 [342],
 [1035],
 [867],
 [287],
 [343],
 [1286],
 [],
 [664],
 [417],
 [243],
 [308],
 [898],
 [144],
 [611],
 [85],
 [180],
 [129],
 [1292],
 [654],
 [834],
 [1192],
 [1032, 1348],
 [1084],
 [1451],
 [433],
 [400],
 [682],
 [1128],
 [1325],
 [843],
 [491],
 [154],
 [366],
 [1042],
 [254],
 [362],
 [957],
 [997],
 [681],
 [257],
 [163],
 [1345],
 [743],
 [877],
 [1219],
 [513],
 [1027],
 [431],
 [1196],
 [82],
 [1018],
 [89],
 [827],
 [1478],
 [1282],
 [1016],
 [240],
 [425],
 [764],
 [1320],
 [207],
 [1075],
 [1367],
 [1306],
 [1400],
 [1216],
 [814],
 [1033],
 [1360],
 [68],
 [613],
 [235, 798],
 [1450],
 [302, 1186],
 [892],
 [527],
 [1090],
 [1296],
 [1262],
 [467],
 [2],
 [998],
 [1147],
 [747],
 [500],
 [731],
 [1274],
 [446],
 [371, 1220],
 [278],
 [819],
 [104],
 [805],
 [90],
 [793],
 [166],
 [778],
 [1038],
 [1024],
 [1008],
 [212],
 [249],
 [263],
 [1447],
 [1158],
 [1399],
 [868],
 [868],
 [165],
 [929],
 [686],
 [1031],
 [1026],
 [84],
 [1410, 1437],
 [1482],
 [1094],
 [1176],
 [1158],
 [819],
 [1238],
 [1096],
 [594],
 [511],
 [361, 946, 1454],
 [493],
 [327],
 [561],
 [1300],
 [725],
 [970],
 [937],
 [1088],
 [500],
 [798],
 [831],
 [633],
 [68],
 [382],
 [147, 591],
 [1203],
 [1388],
 [659],
 [954],
 [1382],
 [326, 803, 1185],
 [911],
 [885],
 [1038, 1465],
 [440],
 [22, 230],
 [1425],
 [644],
 [505],
 [1279],
 [890],
 [1127],
 [1275],
 [194],
 [18],
 [255],
 [546],
 [1240],
 [642],
 [302],
 [977],
 [1253],
 [59],
 [203],
 [1439],
 [737],
 [1217],
 [25],
 [120],
 [465, 869],
 [1019],
 [887],
 [1425],
 [551],
 [978],
 [484, 1420],
 [1130],
 [428],
 [1346],
 [463],
 [1099],
 [902],
 [1403],
 [686],
 [1476],
 [311],
 [1418],
 [1371],
 [1338],
 [685],
 [1350],
 [873],
 [1059],
 [734],
 [212],
 [562],
 [1136],
 [31],
 [682],
 [17],
 [776],
 [1484],
 [269],
 [1099],
 [324],
 [1430],
 [47],
 [310, 1257],
 [1370],
 [1309],
 [1369],
 [183],
 [584],
 [407],
 [285],
 [9],
 [746],
 [1439],
 [1089],
 [1353],
 [828],
 [504],
 [526],
 [1426],
 [5],
 [436],
 [896],
 [843],
 [489],
 [649],
 [103, 858],
 [1421],
 [116],
 [397],
 [1075],
 [1125],
 [762],
 [569],
 [1119],
 [714],
 [989],
 [1001],
 [834],
 [566],
 [882],
 [502],
 [625],
 [350],
 [34],
 [893],
 [1194],
 [1090],
 [1130],
 [203],
 [1031],
 [1026],
 [733],
 [530],
 [640],
 [1218],
 [273],
 [729],
 [782],
 [276],
 [928],
 [748],
 [1164],
 [991],
 [81],
 [1203],
 [318],
 [351],
 [337],
 [1034],
 [449],
 [522, 1170],
 [23],
 [1380],
 [241],
 [296],
 [947],
 [9],
 [1374],
 [1245],
 [],
 [949],
 [],
 [1129],
 [564],
 [470],
 [236],
 [776],
 [329],
 [790],
 [230, 232],
 [1101],
 [775],
 [1216],
 [284],
 [667],
 [1304],
 [195],
 [956],
 [1324],
 [967],
 [933],
 [802],
 [],
 [1165],
 [446],
 [169, 383],
 [],
 [1156],
 [175],
 [46],
 [824],
 [354],
 [1066],
 [1444],
 [1088],
 [832],
 [1106],
 [220],
 [1108],
 [273],
 [719],
 [413, 1153],
 [822],
 [622],
 [1078],
 [201],
 [1301],
 [1196],
 [60],
 [118, 499],
 [910],
 [189],
 [1246],
 [191],
 [827],
 [925],
 [245],
 [856],
 [209],
 [1315],
 [1359],
 [511],
 [1317],
 [907],
 [1420],
 [180],
 [1344],
 [201],
 [344],
 [1393],
 [314],
 [872],
 [569, 595, 817],
 [246],
 [264],
 [1366],
 [964, 972],
 [1030],
 [471],
 [360],
 [1378],
 [1159],
 [497],
 [1265],
 [1380],
 [847],
 [1204],
 [790],
 [558],
 [1472],
 [319],
 [357],
 [1192],
 [980],
 [576],
 [297],
 [1182],
 [840, 930],
 [529],
 [1414],
 [1143],
 [956],
 [294],
 [898],
 [1095],
 [1429],
 [246],
 [432],
 [1355],
 [1425],
 [695],
 [871],
 [756],
 [221, 864],
 [394],
 [985],
 [24],
 [1260],
 [1022],
 [1408],
 [65],
 [1412],
 [175, 305, 1187],
 [1319],
 [572],
 [234, 677],
 [1043],
 [1175],
 [266],
 [541, 769],
 [742],
 [180],
 [673],
 [15],
 [87, 119],
 [1081],
 [1406],
 [860],
 [119],
 [1428],
 [760],
 [247],
 [571],
 [330],
 [299],
 [241],
 [192],
 [1337, 1483],
 [159],
 [1235],
 [663],
 [705],
 [1144],
 [1477],
 [84],
 [673],
 [178],
 [628],
 [994],
 [174],
 [1027],
 [431],
 [1217],
 [687],
 [997],
 [1357],
 [354],
 [880],
 [317],
 [349],
 [840, 1195],
 [162],
 [228],
 [376],
 [295],
 [1227],
 [1137],
 [1066],
 [758],
 [211],
 [1028],
 [343],
 [905],
 [1046],
 [979],
 [429],
 [1145],
 [539, 908],
 [233],
 [518],
 [923],
 [1423],
 [1228],
 [32],
 [555],
 [773],
 [1171],
 [728],
 [1325],
 [1351],
 [186],
 [1400],
 [1321],
 [1404],
 [323],
 [713],
 [1339],
 [432],
 [1028],
 [903],
 [233],
 [952],
 [488],
 [1412],
 [1197],
 [1160],
 [779],
 [1022],
 [1367],
 [1254],
 [168],
 [1198],
 [160],
 [149],
 [1131],
 [1252],
 [1261],
 [1390],
 [737],
 [1269],
 [729, 1103],
 [651],
 [968],
 [83, 572],
 [556],
 [1038],
 [686],
 [99, 441],
 [989],
 [726, 778],
 [1182],
 [878],
 [260],
 [653],
 [56],
 [439],
 [74],
 [853],
 [1315],
 [897],
 [944],
 [505, 732],
 [1007],
 [514],
 [762],
 [1377],
 [851],
 [],
 [1233],
 [761],
 [1430],
 [324],
 [1234],
 [910],
 [226],
 [1288],
 [1225],
 [1166],
 [945],
 [4],
 [310],
 [851],
 [937],
 [474],
 [485],
 [1415],
 [1129],
 [1130],
 [999],
 [1048],
 [258],
 [396],
 [987],
 [813],
 [142],
 [136, 734],
 [1068],
 [1323],
 [1114],
 [1231],
 [678],
 [66],
 [756],
 [1251],
 [33, 603],
 [1138],
 [1183],
 [913],
 [1352],
 [1320],
 [1071],
 [522],
 [465, 869],
 [1384],
 [1271],
 [1407],
 [615],
 [452],
 [945],
 [422],
 [238],
 [480],
 [18],
 [1220],
 [658],
 [1055],
 [1311],
 [162, 541],
 [1070],
 [881],
 [629, 1042],
 [715],
 [172],
 [636],
 [288],
 [424],
 [117],
 [160],
 [141],
 [492],
 [1394],
 [1249],
 [643],
 [1298],
 [47],
 [393],
 [981],
 [224],
 [202],
 [1375],
 [],
 [409],
 [905],
 [425],
 [509],
 [1316],
 [79],
 [545, 1467],
 [1397],
 [1473],
 [944],
 [1436],
 [457],
 [1230],
 [431],
 [347],
 [404],
 [657],
 [894],
 [610],
 [963],
 [761],
 [63],
 [866],
 [1052],
 [1067],
 [1390],
 [244],
 [182],
 [547],
 [1211],
 [1276],
 [771],
 [783],
 [921],
 [309, 472],
 [479],
 [924],
 [390],
 [1466],
 [1343],
 [301],
 [228],
 [356],
 [1172],
 [198],
 [495],
 [647],
 [384],
 [718],
 [998],
 [1095],
 [336],
 [58],
 [430],
 [1227],
 [177, 980],
 [1403],
 [623],
 [91, 475],
 [914],
 [713],
 [471],
 [1261],
 [1243],
 [1108],
 [869],
 [315],
 [537],
 [1085],
 [143],
 [1433],
 [740],
 [794],
 [1001],
 [932],
 [93],
 [675],
 [717],
 [86],
 [148],
 [584],
 [538],
 [885],
 [1315],
 [96],
 [125],
 [957],
 [747],
 [1047],
 [321],
 [1082],
 [1167],
 [5],
 [1349],
 [1145],
 [1370],
 [128],
 [403],
 [1053],
 [412],
 [120],
 [1278],
 [661],
 [1107, 1215],
 [1193],
 [6],
 [976],
 [262],
 [1397],
 [316],
 [995],
 [1169],
 [1170],
 [21, 708],
 [766],
 [792],
 [39],
 [1299],
 [532, 1257],
 [888],
 [688],
 [710],
 [4],
 [1473],
 [1032],
 [],
 [1247],
 [145],
 [576],
 [815, 915],
 [554],
 [888],
 [169],
 [660],
 [948],
 [1436],
 [297],
 [344],
 [574],
 [961],
 [1372],
 [269],
 [337],
 [916],
 [1399],
 [1256],
 [987],
 [1404],
 [1236, 1322],
 [679],
 [252],
 [900],
 [1012],
 [515],
 [843],
 [670],
 [379, 1300],
 [1313],
 [335],
 [995],
 [1208],
 [798],
 [132],
 [606],
 [237],
 [1289],
 [91],
 [388],
 [292],
 [253],
 [1323],
 [325],
 [1341],
 [722],
 [1112],
 [1009],
 [496],
 [641],
 [647],
 [203],
 [1471],
 [563],
 [16],
 [1199],
 [34],
 [],
 [1459],
 [1073],
 [281],
 [389],
 [867, 995],
 [1295],
 [146],
 [294],
 [962],
 [1373],
 [802, 1177],
 [807],
 [335],
 [913],
 [883],
 [1148],
 [1020],
 [1106],
 [328],
 [939],
 [548],
 [],
 [205],
 [853],
 [1194],
 [127],
 [359],
 [424],
 [586],
 [773],
 [1405],
 [995],
 [692],
 [1119],
 [839],
 [550],
 [1482],
 [928],
 [1417],
 [861],
 [1292],
 [587],
 [1238],
 [350],
 [1433],
 [973],
 [365],
 [147],
 [176],
 [585],
 [303],
 [1124],
 [228],
 [439],
 [390],
 [816],
 [810],
 [659],
 [717],
 [1441],
 [650, 1346],
 [652],
 [282],
 [956],
 [149],
 [1307],
 [850],
 [668],
 [676],
 [689],
 [671, 1233],
 [1179],
 [617],
 [1143],
 [1173],
 [865],
 [319],
 [696],
 [1051],
 [208],
 [528],
 [514],
 [267],
 [986],
 [536],
 [169, 383],
 [648],
 [848],
 [759],
 [829],
 [357],
 [848],
 [524],
 [993],
 [1250],
 [1108],
 [1221],
 [992],
 [928],
 [1366],
 [214],
 [45, 703],
 [934],
 [358, 1265],
 [777],
 [921],
 [30, 938],
 [993],
 [146],
 [1011],
 [638, 704],
 [960],
 [149],
 [579],
 [356],
 [583],
 [875],
 [1280],
 [125, 1167],
 [403],
 [545],
 [1036],
 [1059],
 [630],
 [1167],
 [248],
 [821],
 [29],
 [1],
 [1244],
 [444],
 [789],
 [847],
 [750],
 [689],
 [324],
 [1435],
 [837],
 [801],
 [72],
 [39],
 [1332],
 [374],
 [484, 1180],
 [713],
 [739],
 [511],
 [1376],
 [1354],
 [1382],
 [448],
 [996],
 [731],
 [477],
 [1225],
 [1356],
 [273],
 [96],
 [1148],
 [1434],
 [821],
 [944],
 [811],
 [830],
 [265],
 [657],
 [630],
 [369],
 [795],
 [521],
 [1237],
 [578],
 [109],
 [1240],
 [772],
 [536],
 [1471],
 [1341],
 [755],
 [1004],
 [1127],
 [255],
 [1083],
 [399],
 [539],
 [781, 814],
 [783],
 [116, 644],
 [336],
 [243],
 [632, 953],
 [1131],
 [732],
 [1200],
 [1042],
 [1464],
 [398, 1080],
 [1415],
 [728],
 [1213],
 [432],
 [221],
 [536],
 [447, 1346],
 [69],
 [903],
 [720],
 [813],
 [1023],
 [597],
 [888],
 [1334],
 [21],
 [1133],
 [947],
 [1017],
 [410],
 [75],
 [284],
 [989],
 [765],
 [1173],
 [952, 1253],
 [633],
 [472],
 [537],
 [506],
 [1259],
 [361],
 [25],
 [1394],
 [375],
 [561],
 [985],
 [1146],
 [593],
 [391],
 [758],
 [582],
 [941],
 [64],
 [1039],
 [1178],
 [1432],
 [269],
 [688],
 [1238],
 [769],
 [934],
 [1382]]
Supports done
76158
