INPUT

Settle done
[[[5, 8], [0, 1], [6, 7]],
 [[9, 10], [5, 9], [22, 23]],
 [[9, 10], [2, 5], [19, 20]],
 [[1, 2], [2, 6], [10, 11]],
 [[4, 6], [3, 4], [24, 25]],
 [[3, 6], [6, 7], [12, 13]],
 [[4, 5], [6, 9], [17, 18]],
 [[0, 4], [9, 10], [10, 11]],
 [[1, 2], [4, 7], [1, 2]],
 [[2, 6], [2, 3], [1, 2]],
 [[7, 8], [4, 6], [13, 14]],
 [[7, 8], [4, 5], [19, 21]],
 [[5, 7], [7, 8], [25, 26]],
 [[9, 10], [6, 7], [25, 28]],
 [[2, 4], [2, 3], [6, 7]],
 [[5, 8], [9, 10], [16, 17]],
 [[1, 3], [5, 6], [16, 17]],
 [[3, 4], [5, 7], [10, 11]],
 [[7, 8], [3, 7], [1, 2]],
 [[0, 3], [8, 9], [8, 9]],
 [[5, 9], [1, 2], [10, 11]],
 [[5, 6], [4, 8], [3, 4]],
 [[7, 8], [0, 1], [1, 2]],
 [[9, 10], [0, 3], [3, 4]],
 [[2, 5], [2, 3], [23, 24]],
 [[4, 8], [3, 4], [14, 15]],
 [[9, 10], [6, 9], [1, 2]],
 [[5, 6], [0, 1], [22, 24]],
 [[5, 6], [2, 3], [25, 27]],
 [[0, 3], [1, 2], [8, 9]],
 [[7, 8], [4, 6], [15, 16]],
 [[7, 9], [1, 2], [4, 5]],
 [[4, 6], [3, 4], [9, 10]],
 [[4, 5], [5, 8], [13, 14]],
 [[0, 1], [2, 5], [2, 3]],
 [[0, 1], [1, 4], [6, 7]],
 [[6, 9], [6, 7], [28, 29]],
 [[4, 7], [3, 4], [18, 19]],
 [[3, 4], [9, 10], [11, 14]],
 [[5, 6], [0, 5], [20, 21]],
 [[7, 8], [2, 4], [28, 29]],
 [[7, 8], [7, 10], [8, 9]],
 [[1, 2], [5, 9], [9, 10]],
 [[0, 3], [0, 1], [1, 2]],
 [[4, 7], [7, 8], [21, 22]],
 [[6, 9], [2, 3], [17, 18]],
 [[0, 4], [7, 8], [5, 6]],
 [[1, 4], [3, 4], [8, 9]],
 [[0, 2], [1, 2], [20, 21]],
 [[8, 9], [2, 4], [2, 3]],
 [[6, 7], [5, 9], [11, 12]],
 [[1, 5], [1, 2], [5, 6]],
 [[2, 3], [2, 3], [2, 5]],
 [[7, 8], [1, 2], [23, 25]],
 [[6, 7], [2, 6], [22, 23]],
 [[7, 10], [9, 10], [2, 3]],
 [[4, 5], [5, 7], [9, 10]],
 [[4, 8], [8, 9], [20, 21]],
 [[0, 4], [6, 7], [8, 9]],
 [[2, 5], [2, 3], [19, 20]],
 [[3, 6], [2, 3], [7, 8]],
 [[1, 6], [6, 7], [6, 7]],
 [[2, 4], [0, 1], [22, 23]],
 [[2, 6], [2, 3], [15, 16]],
 [[7, 8], [6, 7], [9, 11]],
 [[0, 1], [7, 9], [4, 5]],
 [[2, 3], [4, 7], [22, 23]],
 [[2, 3], [4, 8], [7, 8]],
 [[8, 9], [6, 9], [24, 25]],
 [[2, 5], [5, 6], [21, 22]],
 [[4, 7], [2, 3], [16, 17]],
 [[8, 9], [1, 4], [9, 10]],
 [[7, 10], [5, 6], [23, 24]],
 [[6, 9], [7, 8], [7, 8]],
 [[3, 5], [6, 7], [15, 16]],
 [[6, 7], [5, 8], [24, 25]],
 [[2, 5], [0, 1], [21, 22]],
 [[7, 8], [9, 10], [17, 20]],
 [[6, 9], [7, 8], [2, 3]],
 [[0, 1], [6, 9], [7, 8]],
 [[7, 8], [9, 10], [14, 16]],
 [[7, 10], [5, 6], [2, 3]],
 [[6, 10], [5, 6], [21, 22]],
 [[6, 7], [2, 4], [27, 28]],
 [[5, 8], [3, 4], [29, 30]],
 [[7, 8], [5, 8], [12, 13]],
 [[7, 8], [3, 4], [3, 6]],
 [[3, 5], [6, 7], [14, 15]],
 [[7, 8], [9, 10], [12, 14]],
 [[4, 5], [3, 7], [22, 23]],
 [[4, 5], [6, 8], [7, 8]],
 [[5, 8], [9, 10], [1, 2]],
 [[4, 8], [1, 2], [29, 30]],
 [[1, 2], [0, 3], [16, 17]],
 [[8, 9], [5, 6], [16, 19]],
 [[7, 8], [0, 2], [7, 8]],
 [[6, 10], [1, 2], [8, 9]],
 [[3, 4], [1, 3], [2, 3]],
 [[1, 2], [5, 7], [3, 4]],
 [[6, 9], [1, 2], [5, 6]]]
[[51, 99],
 [82],
 [94],
 [42],
 [24],
 [50],
 [15],
 [42],
 [],
 [],
 [85],
 [37, 94],
 [75],
 [68],
 [51],
 [80],
 [74],
 [56],
 [],
 [67, 79],
 [71],
 [78],
 [],
 [49],
 [89],
 [10],
 [],
 [76],
 [4],
 [60],
 [25],
 [23],
 [47],
 [5],
 [8],
 [51],
 [13],
 [45],
 [7],
 [59],
 [83],
 [73],
 [19, 58],
 [],
 [57],
 [70],
 [65],
 [60, 67],
 [59],
 [18],
 [64],
 [52],
 [9],
 [54],
 [82],
 [26, 91],
 [58],
 [77],
 [67, 79, 90],
 [37],
 [14],
 [46],
 [76],
 [25],
 [41],
 [98],
 [69],
 [61],
 [72],
 [39],
 [63],
 [96],
 [1, 54],
 [61],
 [87],
 [72],
 [39, 48],
 [15],
 [18, 26],
 [61],
 [88],
 [18, 26],
 [11, 39],
 [28],
 [40],
 [50],
 [49],
 [33],
 [50],
 [44, 69],
 [61],
 [],
 [40],
 [63],
 [30],
 [0],
 [60, 95],
 [9, 43],
 [34],
 [31]]
Supports done
866
