INPUT

Settle done
[[[5, 7], [0, 0], [2, 2]],
 [[9, 9], [5, 8], [8, 8]],
 [[9, 9], [2, 4], [2, 2]],
 [[1, 1], [2, 5], [7, 7]],
 [[4, 5], [3, 3], [13, 13]],
 [[3, 5], [6, 6], [7, 7]],
 [[4, 4], [6, 8], [11, 11]],
 [[0, 3], [9, 9], [1, 1]],
 [[1, 1], [4, 6], [1, 1]],
 [[2, 5], [2, 2], [1, 1]],
 [[7, 7], [4, 5], [5, 5]],
 [[7, 7], [4, 4], [7, 8]],
 [[5, 6], [7, 7], [14, 14]],
 [[9, 9], [6, 6], [9, 11]],
 [[2, 3], [2, 2], [5, 5]],
 [[5, 7], [9, 9], [8, 8]],
 [[1, 2], [5, 5], [8, 8]],
 [[3, 3], [5, 6], [6, 6]],
 [[7, 7], [3, 6], [1, 1]],
 [[0, 2], [8, 8], [4, 4]],
 [[5, 8], [1, 1], [6, 6]],
 [[5, 5], [4, 7], [1, 1]],
 [[7, 7], [0, 0], [1, 1]],
 [[9, 9], [0, 2], [1, 1]],
 [[2, 4], [2, 2], [10, 10]],
 [[4, 7], [3, 3], [5, 5]],
 [[9, 9], [6, 8], [1, 1]],
 [[5, 5], [0, 0], [10, 11]],
 [[5, 5], [2, 2], [10, 11]],
 [[0, 2], [1, 1], [4, 4]],
 [[7, 7], [4, 5], [6, 6]],
 [[7, 8], [1, 1], [1, 1]],
 [[4, 5], [3, 3], [1, 1]],
 [[4, 4], [5, 7], [8, 8]],
 [[0, 0], [2, 4], [1, 1]],
 [[0, 0], [1, 3], [2, 2]],
 [[6, 8], [6, 6], [14, 14]],
 [[4, 6], [3, 3], [6, 6]],
 [[3, 3], [9, 9], [2, 4]],
 [[5, 5], [0, 4], [9, 9]],
 [[7, 7], [2, 3], [10, 10]],
 [[7, 7], [7, 9], [3, 3]],
 [[1, 1], [5, 8], [6, 6]],
 [[0, 2], [0, 0], [1, 1]],
 [[4, 6], [7, 7], [12, 12]],
 [[6, 8], [2, 2], [9, 9]],
 [[0, 3], [7, 7], [2, 2]],
 [[1, 3], [3, 3], [1, 1]],
 [[0, 1], [1, 1], [9, 9]],
 [[8, 8], [2, 3], [1, 1]],
 [[6, 6], [5, 8], [3, 3]],
 [[1, 4], [1, 1], [3, 3]],
 [[2, 2], [2, 2], [2, 4]],
 [[7, 7], [1, 1], [7, 8]],
 [[6, 6], [2, 5], [10, 10]],
 [[7, 9], [9, 9], [2, 2]],
 [[4, 4], [5, 6], [5, 5]],
 [[4, 7], [8, 8], [12, 12]],
 [[0, 3], [6, 6], [5, 5]],
 [[2, 4], [2, 2], [9, 9]],
 [[3, 5], [2, 2], [6, 6]],
 [[1, 5], [6, 6], [3, 3]],
 [[2, 3], [0, 0], [3, 3]],
 [[2, 5], [2, 2], [7, 7]],
 [[7, 7], [6, 6], [2, 3]],
 [[0, 0], [7, 8], [1, 1]],
 [[2, 2], [4, 6], [10, 10]],
 [[2, 2], [4, 7], [4, 4]],
 [[8, 8], [6, 8], [3, 3]],
 [[2, 4], [5, 5], [9, 9]],
 [[4, 6], [2, 2], [8, 8]],
 [[8, 8], [1, 3], [5, 5]],
 [[7, 9], [5, 5], [9, 9]],
 [[6, 8], [7, 7], [2, 2]],
 [[3, 4], [6, 6], [10, 10]],
 [[6, 6], [5, 7], [13, 13]],
 [[2, 4], [0, 0], [2, 2]],
 [[7, 7], [9, 9], [9, 11]],
 [[6, 8], [7, 7], [1, 1]],
 [[0, 0], [6, 8], [3, 3]],
 [[7, 7], [9, 9], [6, 7]],
 [[7, 9], [5, 5], [2, 2]],
 [[6, 9], [5, 5], [7, 7]],
 [[6, 6], [2, 3], [11, 11]],
 [[5, 7], [3, 3], [14, 14]],
 [[7, 7], [5, 7], [4, 4]],
 [[7, 7], [3, 3], [2, 4]],
 [[3, 4], [6, 6], [9, 9]],
 [[7, 7], [9, 9], [4, 5]],
 [[4, 4], [3, 6], [12, 12]],
 [[4, 4], [6, 7], [4, 4]],
 [[5, 7], [9, 9], [1, 1]],
 [[4, 7], [1, 1], [10, 10]],
 [[1, 1], [0, 2], [8, 8]],
 [[8, 8], [5, 5], [3, 5]],
 [[7, 7], [0, 1], [3, 3]],
 [[6, 9], [1, 1], [4, 4]],
 [[3, 3], [1, 2], [2, 2]],
 [[1, 1], [5, 6], [2, 2]],
 [[6, 8], [1, 1], [2, 2]]]
[[22],
 [82],
 [23],
 [42],
 [89],
 [17],
 [74],
 [],
 [],
 [],
 [85],
 [30],
 [75],
 [1],
 [52],
 [80],
 [3],
 [58],
 [],
 [79],
 [71],
 [],
 [],
 [],
 [59],
 [86],
 [],
 [39],
 [39],
 [51],
 [10],
 [],
 [],
 [5],
 [],
 [34],
 [75],
 [25],
 [7],
 [70],
 [45],
 [55, 73],
 [58],
 [],
 [6],
 [70],
 [65],
 [],
 [93],
 [],
 [73],
 [97],
 [9],
 [20],
 [45],
 [91],
 [90],
 [6],
 [67],
 [70],
 [14],
 [98],
 [76],
 [60],
 [18],
 [],
 [69],
 [61],
 [73],
 [16, 33],
 [63],
 [96],
 [1],
 [78],
 [87],
 [44],
 [43],
 [15],
 [],
 [46],
 [88],
 [18],
 [30],
 [54],
 [4],
 [41, 64],
 [18],
 [33],
 [41],
 [6],
 [61],
 [],
 [39],
 [3],
 [81],
 [0, 99],
 [95],
 [9],
 [8],
 [31]]
Supports done
364
